akiyo_qcif_avg_stvssimrdo=[0.9559 0.9732 0.9690 0.9622 0.9773 0.9780 0.9231 0.9511 0.9477 12544
0.9526 0.9731 0.9661 0.9588 0.9759 0.9763 0.9167 0.9497 0.9432 11672
0.9495 0.9731 0.9654 0.9556 0.9756 0.9760 0.9113 0.9494 0.9421 10624
0.9459 0.9690 0.9631 0.9517 0.9743 0.9747 0.9043 0.9442 0.9386 10784
0.9412 0.9665 0.9631 0.9470 0.9769 0.9778 0.8953 0.9442 0.9416 10024
0.9367 0.9600 0.9554 0.9419 0.9736 0.9743 0.8865 0.9347 0.9308 9432
0.9257 0.9606 0.9555 0.9312 0.9707 0.9720 0.8679 0.9324 0.9286 8672
0.9157 0.9616 0.9509 0.9215 0.9699 0.9716 0.8506 0.9327 0.9239 8832
0.9129 0.9539 0.9460 0.9184 0.9655 0.9666 0.8457 0.9211 0.9145 8112
0.9013 0.9546 0.9461 0.9072 0.9612 0.9636 0.8266 0.9177 0.9117 7760
0.8880 0.9513 0.9372 0.8949 0.9558 0.9575 0.8062 0.9093 0.8972 7336
0.8752 0.9506 0.9367 0.8816 0.9409 0.9466 0.7837 0.8947 0.8865 7032
0.8589 0.9449 0.9290 0.8659 0.9351 0.9394 0.7595 0.8838 0.8726 6816
0.8531 0.9441 0.9297 0.8596 0.9341 0.9356 0.7511 0.8822 0.8696 6472
0.8417 0.9406 0.9263 0.8480 0.9274 0.9311 0.7348 0.8721 0.8621 6040];
bridge_qcif_avg_stvssimrdo=[0.9135 0.8514 0.8716 0.9156 0.9644 0.9651 0.8457 0.8214 0.8416 12976
0.9079 0.8476 0.8684 0.9094 0.9622 0.9625 0.8351 0.8159 0.8363 9376
0.8996 0.8481 0.8688 0.9007 0.9586 0.9592 0.8203 0.8134 0.8338 9368
0.8938 0.8464 0.8665 0.8946 0.9554 0.9560 0.8100 0.8090 0.8288 6488
0.8853 0.8408 0.8632 0.8864 0.9501 0.9507 0.7958 0.7990 0.8212 6304
0.8759 0.8393 0.8640 0.8759 0.9434 0.9438 0.7794 0.7921 0.8159 5280
0.8643 0.8393 0.8637 0.8637 0.9376 0.9383 0.7602 0.7873 0.8111 5296
0.8495 0.8380 0.8582 0.8489 0.9291 0.9295 0.7370 0.7790 0.7982 4896
0.8376 0.8369 0.8554 0.8375 0.9229 0.9234 0.7192 0.7727 0.7903 4744
0.8306 0.8367 0.8561 0.8296 0.9184 0.9187 0.7076 0.7687 0.7870 4752
0.8114 0.8351 0.8550 0.8108 0.9130 0.9144 0.6797 0.7628 0.7823 4760
0.7973 0.8350 0.8550 0.7975 0.9024 0.9033 0.6597 0.7538 0.7728 4712
0.7828 0.8361 0.8532 0.7817 0.8950 0.8960 0.6382 0.7488 0.7650 4680
0.7599 0.8362 0.8532 0.7603 0.8795 0.8790 0.6088 0.7358 0.7506 4744
0.7425 0.8333 0.8487 0.7422 0.8706 0.8706 0.5855 0.7257 0.7390 4696];
bus_qcif_avg_stvssimrdo=[0.7847 0.9711 0.9663 0.8399 0.9329 0.9341 0.7172 0.9060 0.9019 240216
0.7822 0.9709 0.9649 0.8397 0.9158 0.9178 0.7165 0.8893 0.8857 217800
0.7743 0.9712 0.9674 0.8373 0.9259 0.9271 0.7099 0.8994 0.8966 196360
0.7476 0.9686 0.9642 0.8077 0.8580 0.8600 0.6709 0.8314 0.8304 167320
0.7396 0.9682 0.9627 0.8096 0.8722 0.8748 0.6643 0.8448 0.8430 143448
0.7249 0.9623 0.9595 0.7953 0.8973 0.8997 0.6460 0.8638 0.8637 127336
0.6820 0.9563 0.9513 0.7510 0.8236 0.8275 0.5916 0.7879 0.7879 100928
0.6596 0.9560 0.9482 0.7321 0.7996 0.8039 0.5648 0.7645 0.7627 90528
0.6376 0.9524 0.9451 0.7040 0.7961 0.8000 0.5309 0.7592 0.7568 80200
0.6099 0.9499 0.9448 0.6751 0.7473 0.7524 0.4967 0.7113 0.7104 67256
0.5984 0.9475 0.9458 0.6674 0.7463 0.7517 0.4798 0.7102 0.7103 59280
0.5890 0.9470 0.9448 0.6576 0.7565 0.7624 0.4603 0.7191 0.7203 53944
0.5500 0.9417 0.9445 0.6111 0.7370 0.7431 0.4115 0.6985 0.7015 45776
0.5434 0.9376 0.9398 0.6092 0.7418 0.7469 0.4038 0.7008 0.7016 42976
0.5259 0.9347 0.9410 0.5884 0.7582 0.7633 0.3763 0.7151 0.7186 38088];
carphone_qcif_avg_stvssimrdo=[0.8996 0.9427 0.9504 0.9063 0.9630 0.9645 0.8305 0.9078 0.9166 43608
0.8951 0.9386 0.9430 0.8993 0.9612 0.9625 0.8223 0.9021 0.9076 37816
0.8947 0.9384 0.9451 0.8980 0.9583 0.9601 0.8200 0.8991 0.9074 35312
0.8929 0.9349 0.9407 0.8986 0.9604 0.9614 0.8200 0.8978 0.9043 31976
0.8886 0.9346 0.9367 0.8922 0.9529 0.9537 0.8100 0.8904 0.8932 29472
0.8911 0.9247 0.9313 0.8949 0.9517 0.9533 0.8119 0.8799 0.8877 26256
0.8823 0.9228 0.9302 0.8848 0.9509 0.9526 0.7984 0.8773 0.8860 25704
0.8852 0.9229 0.9250 0.8887 0.9472 0.9484 0.7997 0.8739 0.8771 23216
0.8638 0.9154 0.9253 0.8679 0.9387 0.9404 0.7693 0.8589 0.8699 20024
0.8619 0.9155 0.9224 0.8678 0.9414 0.9436 0.7686 0.8614 0.8703 18992
0.8585 0.9124 0.9224 0.8615 0.9322 0.9337 0.7577 0.8504 0.8613 18352
0.8484 0.9111 0.9224 0.8491 0.9238 0.9252 0.7414 0.8413 0.8534 16528
0.8374 0.9105 0.9111 0.8392 0.9181 0.9192 0.7240 0.8358 0.8375 13960
0.8277 0.9094 0.9092 0.8247 0.9077 0.9092 0.7054 0.8253 0.8269 12968
0.8082 0.9082 0.8953 0.8026 0.8997 0.9001 0.6755 0.8171 0.8059 11936];
coastguard_qcif_avg_stvssimrdo=[0.6382 0.9707 0.9732 0.6829 0.7970 0.7999 0.4890 0.7713 0.7765 41552
0.6399 0.9683 0.9739 0.6836 0.7953 0.7985 0.4883 0.7674 0.7754 39672
0.6421 0.9678 0.9729 0.6835 0.8050 0.8086 0.4868 0.7769 0.7849 36712
0.6412 0.9667 0.9719 0.6826 0.7990 0.8033 0.4833 0.7703 0.7802 31016
0.6447 0.9657 0.9714 0.6840 0.8010 0.8049 0.4837 0.7709 0.7803 29872
0.6298 0.9642 0.9659 0.6634 0.7400 0.7450 0.4637 0.7101 0.7159 23552
0.6280 0.9640 0.9680 0.6578 0.7578 0.7627 0.4554 0.7273 0.7355 22528
0.6170 0.9612 0.9682 0.6427 0.7295 0.7351 0.4372 0.6978 0.7087 19208
0.6103 0.9617 0.9673 0.6348 0.7302 0.7356 0.4269 0.6984 0.7083 17984
0.6009 0.9619 0.9674 0.6210 0.7154 0.7210 0.4117 0.6841 0.6941 15736
0.5875 0.9605 0.9674 0.6044 0.7000 0.7065 0.3935 0.6682 0.6802 13912
0.5763 0.9589 0.9672 0.5904 0.6906 0.6984 0.3775 0.6590 0.6730 12472
0.5542 0.9553 0.9661 0.5651 0.6823 0.6893 0.3520 0.6467 0.6630 10040
0.5433 0.9574 0.9665 0.5508 0.6571 0.6648 0.3389 0.6249 0.6398 8992
0.5324 0.9540 0.9633 0.5346 0.6449 0.6538 0.3249 0.6093 0.6274 7864];
container_qcif_avg_stvssimrdo=[0.9158 0.9655 0.9640 0.9238 0.9437 0.9424 0.8540 0.9105 0.9080 10152
0.9137 0.9596 0.9620 0.9212 0.9413 0.9404 0.8509 0.9026 0.9039 9024
0.9118 0.9599 0.9614 0.9193 0.9396 0.9384 0.8480 0.9011 0.9015 8720
0.9092 0.9555 0.9562 0.9164 0.9397 0.9386 0.8425 0.8971 0.8969 8336
0.9059 0.9501 0.9510 0.9129 0.9396 0.9382 0.8366 0.8921 0.8916 7656
0.9025 0.9461 0.9474 0.9100 0.9379 0.9362 0.8316 0.8865 0.8862 7624
0.9024 0.9454 0.9460 0.9091 0.9378 0.9364 0.8297 0.8859 0.8851 7816
0.8962 0.9405 0.9401 0.9029 0.9312 0.9300 0.8197 0.8752 0.8738 7280
0.8941 0.9361 0.9362 0.9001 0.9325 0.9309 0.8144 0.8719 0.8706 7024
0.8869 0.9328 0.9341 0.8929 0.9223 0.9210 0.8037 0.8593 0.8595 6848
0.8774 0.9271 0.9232 0.8839 0.9091 0.9084 0.7886 0.8418 0.8380 6616
0.8712 0.9291 0.9216 0.8778 0.8987 0.8978 0.7791 0.8335 0.8263 6360
0.8618 0.9259 0.9193 0.8679 0.8886 0.8891 0.7636 0.8209 0.8162 6160
0.8530 0.9242 0.9231 0.8585 0.8826 0.8823 0.7501 0.8136 0.8131 6048
0.8410 0.9211 0.9176 0.8470 0.8722 0.8730 0.7337 0.8007 0.7994 5976];
football_qcif_avg_stvssimrdo=[0.8012 0.9228 0.9245 0.8226 0.9053 0.9182 0.6807 0.8358 0.8492 751376
0.7753 0.9114 0.9158 0.7973 0.8756 0.8921 0.6397 0.7985 0.8172 635512
0.7634 0.9110 0.9141 0.7914 0.8711 0.8891 0.6269 0.7939 0.8128 569776
0.7276 0.8957 0.9050 0.7425 0.8215 0.8445 0.5669 0.7368 0.7646 473440
0.7118 0.8833 0.8989 0.7268 0.8000 0.8258 0.5422 0.7081 0.7425 406872
0.6800 0.8669 0.8894 0.6842 0.7626 0.7924 0.4930 0.6622 0.7051 331880
0.6644 0.8607 0.8875 0.6693 0.7479 0.7779 0.4717 0.6461 0.6917 286992
0.6449 0.8462 0.8794 0.6450 0.7217 0.7568 0.4440 0.6134 0.6669 243400
0.6159 0.8253 0.8690 0.6030 0.6691 0.7097 0.4022 0.5581 0.6188 187624
0.6055 0.8204 0.8678 0.5901 0.6647 0.7050 0.3854 0.5508 0.6131 169160
0.5941 0.8120 0.8639 0.5720 0.6265 0.6723 0.3689 0.5139 0.5824 138936
0.5708 0.7962 0.8579 0.5322 0.6255 0.6723 0.3343 0.5038 0.5787 113752
0.5625 0.7886 0.8515 0.5161 0.6094 0.6604 0.3176 0.4877 0.5647 94904
0.5486 0.7767 0.8458 0.4950 0.5958 0.6491 0.2994 0.4702 0.5516 83080
0.5389 0.7705 0.8418 0.4713 0.5513 0.6100 0.2790 0.4333 0.5158 70840];
