akiyo_qcif_avg_ssimrdo=[0.9575 0.9737 0.9683 0.9586 0.9784 0.9799 0.9225 0.9527 0.9489 14000
0.9565 0.9724 0.9647 0.9573 0.9837 0.9850 0.9188 0.9566 0.9502 13440
0.9518 0.9720 0.9644 0.9526 0.9778 0.9800 0.9109 0.9504 0.9452 11816
0.9491 0.9691 0.9633 0.9500 0.9787 0.9806 0.9058 0.9487 0.9445 11880
0.9427 0.9664 0.9612 0.9434 0.9804 0.9821 0.8938 0.9476 0.9440 10832
0.9363 0.9608 0.9550 0.9375 0.9802 0.9820 0.8831 0.9418 0.9378 9888
0.9292 0.9608 0.9554 0.9301 0.9776 0.9801 0.8701 0.9395 0.9364 9512
0.9205 0.9614 0.9531 0.9216 0.9714 0.9758 0.8556 0.9340 0.9300 8760
0.9133 0.9539 0.9455 0.9145 0.9729 0.9762 0.8434 0.9282 0.9230 8624
0.9024 0.9533 0.9454 0.9041 0.9659 0.9711 0.8260 0.9209 0.9181 7952
0.8890 0.9513 0.9346 0.8908 0.9618 0.9662 0.8030 0.9151 0.9030 7656
0.8787 0.9511 0.9346 0.8814 0.9573 0.9633 0.7877 0.9106 0.9002 7192
0.8607 0.9452 0.9308 0.8628 0.9502 0.9571 0.7587 0.8982 0.8908 7000
0.8506 0.9442 0.9294 0.8531 0.9459 0.9526 0.7442 0.8934 0.8852 6856
0.8379 0.9409 0.9242 0.8399 0.9403 0.9465 0.7269 0.8849 0.8744 6592];
bridge_qcif_avg_ssimrdo=[0.9147 0.8508 0.8709 0.9136 0.9719 0.9722 0.8454 0.8271 0.8471 13360
0.9092 0.8476 0.8691 0.9079 0.9708 0.9709 0.8353 0.8230 0.8441 10208
0.9009 0.8473 0.8689 0.8993 0.9689 0.9689 0.8202 0.8212 0.8422 10224
0.8942 0.8455 0.8657 0.8926 0.9640 0.9647 0.8093 0.8153 0.8355 7744
0.8853 0.8405 0.8639 0.8836 0.9636 0.9639 0.7938 0.8100 0.8330 6856
0.8760 0.8388 0.8639 0.8741 0.9575 0.9574 0.7785 0.8031 0.8275 5496
0.8641 0.8396 0.8635 0.8620 0.9534 0.9539 0.7591 0.8007 0.8241 5776
0.8506 0.8372 0.8580 0.8483 0.9504 0.9501 0.7379 0.7960 0.8154 5232
0.8373 0.8382 0.8545 0.8352 0.9467 0.9464 0.7164 0.7937 0.8091 5032
0.8289 0.8362 0.8559 0.8266 0.9448 0.9444 0.7046 0.7903 0.8084 4896
0.8136 0.8348 0.8531 0.8115 0.9382 0.9385 0.6821 0.7835 0.8008 4888
0.7955 0.8346 0.8527 0.7940 0.9331 0.9325 0.6558 0.7791 0.7954 4936
0.7830 0.8350 0.8545 0.7817 0.9252 0.9249 0.6389 0.7730 0.7905 4848
0.7608 0.8351 0.8542 0.7599 0.9171 0.9147 0.6089 0.7663 0.7815 4800
0.7471 0.8335 0.8493 0.7465 0.9138 0.9116 0.5907 0.7622 0.7743 4720];
bus_qcif_avg_ssimrdo=[0.8629 0.9777 0.9807 0.8712 0.9643 0.9654 0.7879 0.9428 0.9469 300512
0.8479 0.9759 0.9768 0.8555 0.9605 0.9618 0.7663 0.9374 0.9395 265240
0.8439 0.9766 0.9790 0.8539 0.9523 0.9538 0.7594 0.9300 0.9338 239688
0.8226 0.9734 0.9742 0.8321 0.9387 0.9403 0.7305 0.9140 0.9160 205872
0.8201 0.9740 0.9763 0.8288 0.9388 0.9404 0.7224 0.9144 0.9180 183616
0.7866 0.9673 0.9683 0.7961 0.9166 0.9182 0.6783 0.8867 0.8886 157888
0.7709 0.9647 0.9652 0.7790 0.9137 0.9154 0.6534 0.8816 0.8828 139168
0.7567 0.9642 0.9663 0.7650 0.9028 0.9048 0.6322 0.8707 0.8742 120512
0.7412 0.9606 0.9621 0.7476 0.9038 0.9057 0.6057 0.8688 0.8711 106416
0.7044 0.9561 0.9604 0.7090 0.8670 0.8699 0.5584 0.8300 0.8348 88936
0.6912 0.9513 0.9580 0.6909 0.8798 0.8827 0.5333 0.8383 0.8455 78824
0.6736 0.9523 0.9550 0.6704 0.8586 0.8624 0.5111 0.8192 0.8225 70112
0.6585 0.9458 0.9574 0.6521 0.8547 0.8586 0.4867 0.8097 0.8209 63216
0.6377 0.9438 0.9554 0.6263 0.8267 0.8303 0.4547 0.7819 0.7921 57112
0.6156 0.9435 0.9505 0.5992 0.8333 0.8350 0.4242 0.7875 0.7924 51128];
carphone_qcif_avg_ssimrdo=[0.9268 0.9456 0.9525 0.9252 0.9707 0.9714 0.8656 0.9178 0.9251 54608
0.9223 0.9411 0.9453 0.9205 0.9690 0.9696 0.8574 0.9118 0.9165 48320
0.9211 0.9402 0.9459 0.9186 0.9667 0.9671 0.8544 0.9087 0.9148 43480
0.9146 0.9381 0.9402 0.9133 0.9671 0.9660 0.8445 0.9071 0.9081 37224
0.9069 0.9367 0.9381 0.9053 0.9630 0.9624 0.8322 0.9018 0.9026 32968
0.8972 0.9268 0.9291 0.8963 0.9639 0.9626 0.8196 0.8931 0.8943 29056
0.8968 0.9269 0.9295 0.8951 0.9598 0.9585 0.8160 0.8894 0.8908 28496
0.8937 0.9226 0.9269 0.8918 0.9572 0.9549 0.8090 0.8830 0.8850 25848
0.8815 0.9143 0.9212 0.8799 0.9515 0.9511 0.7916 0.8696 0.8760 22768
0.8680 0.9131 0.9215 0.8673 0.9489 0.9489 0.7734 0.8662 0.8744 19760
0.8625 0.9136 0.9220 0.8610 0.9426 0.9411 0.7621 0.8609 0.8679 18448
0.8526 0.9125 0.9217 0.8502 0.9380 0.9354 0.7465 0.8557 0.8624 16648
0.8413 0.9083 0.9055 0.8389 0.9327 0.9284 0.7278 0.8470 0.8405 14608
0.8320 0.9047 0.9058 0.8292 0.9246 0.9221 0.7144 0.8363 0.8354 14432
0.8133 0.9024 0.8930 0.8104 0.9165 0.9088 0.6875 0.8268 0.8115 12640];
coastguard_qcif_avg_ssimrdo=[0.7565 0.9715 0.9765 0.7611 0.8542 0.8570 0.6042 0.8280 0.8352 106464
0.7497 0.9683 0.9746 0.7544 0.8522 0.8556 0.5945 0.8231 0.8323 92224
0.7463 0.9684 0.9751 0.7510 0.8607 0.8640 0.5884 0.8317 0.8410 81024
0.7286 0.9662 0.9740 0.7330 0.8359 0.8400 0.5639 0.8053 0.8163 65496
0.7258 0.9633 0.9735 0.7303 0.8450 0.8496 0.5586 0.8118 0.8254 58920
0.7058 0.9629 0.9702 0.7109 0.8276 0.8328 0.5335 0.7946 0.8059 47328
0.6894 0.9630 0.9709 0.6938 0.8245 0.8301 0.5113 0.7917 0.8038 40136
0.6746 0.9618 0.9698 0.6776 0.8008 0.8067 0.4904 0.7676 0.7798 35032
0.6523 0.9620 0.9662 0.6553 0.7734 0.7793 0.4626 0.7404 0.7496 27224
0.6344 0.9620 0.9660 0.6377 0.7643 0.7706 0.4408 0.7315 0.7408 24320
0.6261 0.9568 0.9642 0.6277 0.7660 0.7735 0.4292 0.7294 0.7431 21464
0.6122 0.9576 0.9641 0.6138 0.7484 0.7575 0.4125 0.7137 0.7275 18072
0.5899 0.9551 0.9655 0.5899 0.7423 0.7509 0.3873 0.7039 0.7218 15264
0.5733 0.9556 0.9658 0.5725 0.7337 0.7430 0.3688 0.6962 0.7143 12712
0.5504 0.9544 0.9631 0.5503 0.7281 0.7382 0.3424 0.6902 0.7077 10344];
container_qcif_avg_ssimrdo=[0.9193 0.9669 0.9636 0.9204 0.9478 0.9469 0.8553 0.9159 0.9120 11680
0.9165 0.9599 0.9610 0.9175 0.9435 0.9430 0.8504 0.9049 0.9056 10616
0.9147 0.9594 0.9604 0.9157 0.9463 0.9457 0.8470 0.9073 0.9077 9424
0.9125 0.9548 0.9569 0.9135 0.9457 0.9453 0.8432 0.9021 0.9039 8808
0.9093 0.9519 0.9531 0.9102 0.9426 0.9418 0.8378 0.8966 0.8970 8152
0.9051 0.9452 0.9461 0.9062 0.9426 0.9412 0.8302 0.8901 0.8898 8384
0.9030 0.9487 0.9444 0.9039 0.9411 0.9390 0.8266 0.8918 0.8862 8432
0.8997 0.9396 0.9393 0.9004 0.9393 0.9384 0.8204 0.8815 0.8809 7704
0.8932 0.9313 0.9336 0.8938 0.9305 0.9296 0.8102 0.8658 0.8672 7208
0.8895 0.9309 0.9333 0.8900 0.9282 0.9271 0.8035 0.8628 0.8643 6856
0.8803 0.9286 0.9230 0.8811 0.9180 0.9168 0.7884 0.8515 0.8459 7624
0.8774 0.9215 0.9219 0.8780 0.9121 0.9122 0.7836 0.8394 0.8402 6832
0.8683 0.9216 0.9190 0.8694 0.9158 0.9149 0.7692 0.8427 0.8403 6368
0.8562 0.9219 0.9175 0.8568 0.8891 0.8897 0.7519 0.8174 0.8150 6272
0.8441 0.9206 0.9193 0.8451 0.8851 0.8849 0.7346 0.8126 0.8121 6224];
football_qcif_avg_ssimrdo=[0.8678 0.9378 0.9335 0.8898 0.9102 0.9464 0.7818 0.8538 0.8837 911272
0.8519 0.9316 0.9262 0.8757 0.8957 0.9364 0.7570 0.8348 0.8676 799200
0.8342 0.9280 0.9239 0.8579 0.8866 0.9335 0.7284 0.8233 0.8630 710544
0.8083 0.9177 0.9168 0.8318 0.8690 0.9223 0.6886 0.7986 0.8464 613744
0.7848 0.9085 0.9101 0.8089 0.8451 0.9059 0.6531 0.7689 0.8253 518584
0.7623 0.8987 0.9014 0.7847 0.8209 0.8910 0.6182 0.7392 0.8045 448024
0.7458 0.8944 0.9007 0.7634 0.8063 0.8807 0.5922 0.7222 0.7942 394616
0.7218 0.8844 0.8941 0.7374 0.7838 0.8650 0.5577 0.6954 0.7749 333400
0.7018 0.8710 0.8853 0.7163 0.7659 0.8554 0.5303 0.6691 0.7590 279872
0.6817 0.8644 0.8829 0.6899 0.7381 0.8364 0.5002 0.6416 0.7407 239752
0.6654 0.8548 0.8761 0.6720 0.7301 0.8324 0.4777 0.6275 0.7316 203416
0.6478 0.8527 0.8763 0.6517 0.7196 0.8260 0.4544 0.6178 0.7264 175144
0.6291 0.8412 0.8685 0.6263 0.6887 0.8020 0.4271 0.5848 0.7000 147136
0.6158 0.8356 0.8663 0.6132 0.6886 0.8061 0.4102 0.5805 0.7009 128808
0.6037 0.8234 0.8589 0.5942 0.6720 0.7971 0.3918 0.5590 0.6884 110440];
