akiyo_qcif_avg_stvssimrdo=[0.9711 0.9741 0.9706 0.9706 0.9921 0.9930 0.9433 0.9664 0.9638 42280
0.9674 0.9743 0.9692 0.9669 0.9903 0.9920 0.9362 0.9648 0.9614 37464
0.9651 0.9743 0.9695 0.9645 0.9903 0.9916 0.9319 0.9649 0.9613 33568
0.9605 0.9712 0.9668 0.9600 0.9893 0.9905 0.9235 0.9609 0.9575 31032
0.9549 0.9682 0.9648 0.9549 0.9869 0.9892 0.9137 0.9556 0.9543 26736
0.9507 0.9640 0.9591 0.9505 0.9864 0.9887 0.9060 0.9511 0.9483 24552
0.9419 0.9645 0.9571 0.9417 0.9845 0.9869 0.8900 0.9496 0.9445 23088
0.9386 0.9641 0.9579 0.9378 0.9824 0.9853 0.8839 0.9472 0.9439 21048
0.9311 0.9570 0.9498 0.9320 0.9807 0.9834 0.8725 0.9386 0.9340 21072
0.9205 0.9574 0.9499 0.9214 0.9760 0.9797 0.8545 0.9346 0.9307 19032
0.9104 0.9526 0.9412 0.9119 0.9726 0.9766 0.8373 0.9266 0.9192 19224
0.9041 0.9525 0.9440 0.9056 0.9704 0.9755 0.8277 0.9243 0.9209 16760
0.8896 0.9495 0.9364 0.8929 0.9640 0.9683 0.8051 0.9153 0.9068 17632
0.8851 0.9507 0.9377 0.8875 0.9641 0.9675 0.7976 0.9167 0.9073 15000
0.8679 0.9458 0.9313 0.8712 0.9558 0.9631 0.7710 0.9040 0.8968 14344];
bridge_qcif_avg_stvssimrdo=[0.9284 0.8524 0.8732 0.9235 0.9785 0.9790 0.8636 0.8343 0.8551 55144
0.9213 0.8504 0.8702 0.9165 0.9770 0.9771 0.8513 0.8311 0.8505 40376
0.9144 0.8507 0.8699 0.9087 0.9740 0.9742 0.8384 0.8289 0.8477 36808
0.9075 0.8478 0.8669 0.9018 0.9718 0.9721 0.8271 0.8242 0.8429 27744
0.9005 0.8434 0.8665 0.8943 0.9694 0.9703 0.8140 0.8178 0.8411 23848
0.8872 0.8397 0.8650 0.8802 0.9638 0.9635 0.7912 0.8095 0.8337 17584
0.8809 0.8399 0.8641 0.8740 0.9607 0.9605 0.7806 0.8072 0.8303 14400
0.8657 0.8376 0.8580 0.8596 0.9539 0.9545 0.7577 0.7993 0.8191 13056
0.8560 0.8379 0.8572 0.8501 0.9519 0.9511 0.7428 0.7979 0.8155 11024
0.8519 0.8372 0.8561 0.8449 0.9496 0.9493 0.7347 0.7954 0.8129 9680
0.8306 0.8351 0.8565 0.8252 0.9404 0.9401 0.7039 0.7855 0.8052 9296
0.8132 0.8353 0.8559 0.8096 0.9359 0.9360 0.6796 0.7820 0.8012 9728
0.8022 0.8360 0.8526 0.7981 0.9304 0.9297 0.6636 0.7784 0.7930 9680
0.7835 0.8360 0.8535 0.7804 0.9217 0.9203 0.6380 0.7711 0.7859 8392
0.7637 0.8371 0.8510 0.7626 0.9127 0.9104 0.6135 0.7645 0.7751 8976];
carphone_qcif_avg_stvssimrdo=[0.9646 0.9523 0.9582 0.9643 0.9819 0.9838 0.9310 0.9350 0.9426 176360
0.9616 0.9477 0.9528 0.9614 0.9786 0.9810 0.9255 0.9273 0.9346 155304
0.9573 0.9465 0.9534 0.9571 0.9783 0.9804 0.9174 0.9259 0.9347 138128
0.9536 0.9436 0.9491 0.9534 0.9763 0.9780 0.9106 0.9211 0.9282 127096
0.9476 0.9429 0.9467 0.9474 0.9723 0.9736 0.8996 0.9167 0.9216 109296
0.9442 0.9334 0.9402 0.9436 0.9682 0.9698 0.8932 0.9036 0.9117 97488
0.9384 0.9351 0.9389 0.9380 0.9648 0.9673 0.8827 0.9020 0.9081 88568
0.9320 0.9311 0.9362 0.9318 0.9629 0.9636 0.8715 0.8963 0.9020 80088
0.9269 0.9285 0.9334 0.9268 0.9566 0.9590 0.8627 0.8879 0.8949 73008
0.9207 0.9288 0.9311 0.9208 0.9551 0.9578 0.8521 0.8867 0.8915 67296
0.9117 0.9263 0.9306 0.9109 0.9481 0.9476 0.8360 0.8777 0.8814 60696
0.9057 0.9246 0.9304 0.9047 0.9473 0.9464 0.8259 0.8755 0.8806 57176
0.8954 0.9234 0.9190 0.8941 0.9373 0.9396 0.8083 0.8651 0.8633 51056
0.8876 0.9188 0.9207 0.8860 0.9309 0.9327 0.7955 0.8549 0.8588 47088
0.8786 0.9184 0.9173 0.8765 0.9287 0.9263 0.7810 0.8526 0.8497 46944];
coastguard_qcif_avg_stvssimrdo=[0.9144 0.9678 0.9754 0.9181 0.9763 0.9777 0.8423 0.9446 0.9534 499712
0.9025 0.9634 0.9743 0.9063 0.9729 0.9746 0.8213 0.9370 0.9493 426968
0.8901 0.9639 0.9746 0.8947 0.9699 0.9716 0.8007 0.9346 0.9467 361128
0.8768 0.9612 0.9730 0.8814 0.9669 0.9690 0.7783 0.9291 0.9426 312904
0.8613 0.9592 0.9712 0.8664 0.9630 0.9653 0.7532 0.9234 0.9372 260032
0.8480 0.9570 0.9686 0.8531 0.9573 0.9600 0.7316 0.9156 0.9294 224504
0.8313 0.9564 0.9689 0.8364 0.9531 0.9560 0.7053 0.9111 0.9259 193152
0.8143 0.9569 0.9702 0.8195 0.9471 0.9505 0.6794 0.9058 0.9218 161848
0.8002 0.9549 0.9649 0.8054 0.9415 0.9449 0.6584 0.8984 0.9112 138064
0.7870 0.9551 0.9666 0.7922 0.9364 0.9404 0.6389 0.8937 0.9084 125624
0.7579 0.9505 0.9658 0.7635 0.9262 0.9308 0.5972 0.8798 0.8984 102224
0.7459 0.9502 0.9652 0.7505 0.9184 0.9236 0.5792 0.8720 0.8908 91184
0.7251 0.9499 0.9637 0.7285 0.9084 0.9131 0.5507 0.8617 0.8791 80680
0.7016 0.9519 0.9629 0.7043 0.8963 0.9025 0.5198 0.8521 0.8681 68000
0.6824 0.9496 0.9621 0.6846 0.8879 0.8940 0.4951 0.8419 0.8590 59144];
container_qcif_avg_stvssimrdo=[0.9344 0.9664 0.9644 0.9333 0.9759 0.9740 0.8772 0.9430 0.9393 42944
0.9338 0.9627 0.9629 0.9327 0.9752 0.9732 0.8752 0.9387 0.9371 36464
0.9301 0.9624 0.9633 0.9287 0.9727 0.9708 0.8681 0.9360 0.9351 32464
0.9273 0.9555 0.9574 0.9262 0.9717 0.9699 0.8637 0.9283 0.9287 28768
0.9244 0.9527 0.9567 0.9233 0.9691 0.9674 0.8581 0.9231 0.9254 25800
0.9188 0.9457 0.9494 0.9173 0.9663 0.9643 0.8481 0.9136 0.9155 23176
0.9149 0.9464 0.9498 0.9135 0.9624 0.9600 0.8416 0.9105 0.9118 20616
0.9091 0.9418 0.9463 0.9082 0.9568 0.9552 0.8322 0.9008 0.9038 18240
0.9036 0.9363 0.9397 0.9023 0.9524 0.9503 0.8232 0.8910 0.8928 17784
0.8986 0.9358 0.9399 0.8975 0.9465 0.9446 0.8149 0.8851 0.8876 17360
0.8909 0.9328 0.9279 0.8899 0.9392 0.9365 0.8028 0.8755 0.8690 15632
0.8874 0.9333 0.9291 0.8869 0.9361 0.9353 0.7973 0.8728 0.8686 15584
0.8721 0.9281 0.9280 0.8722 0.9240 0.9224 0.7740 0.8562 0.8559 13520
0.8633 0.9257 0.9252 0.8641 0.9151 0.9140 0.7616 0.8454 0.8454 12632
0.8545 0.9229 0.9234 0.8555 0.9018 0.9013 0.7496 0.8304 0.8316 12472];
football_qcif_avg_stvssimrdo=[0.9249 0.9544 0.9487 0.9586 0.9607 0.9835 0.8879 0.9169 0.9330 1179160
0.9157 0.9483 0.9432 0.9529 0.9552 0.9811 0.8743 0.9057 0.9254 1061760
0.9033 0.9485 0.9429 0.9454 0.9492 0.9782 0.8562 0.9003 0.9223 972184
0.8932 0.9415 0.9371 0.9389 0.9433 0.9756 0.8412 0.8881 0.9143 893336
0.8795 0.9373 0.9320 0.9296 0.9340 0.9712 0.8209 0.8754 0.9051 794128
0.8686 0.9263 0.9250 0.9225 0.9275 0.9682 0.8049 0.8590 0.8956 720168
0.8551 0.9270 0.9256 0.9126 0.9197 0.9642 0.7848 0.8523 0.8925 649632
0.8419 0.9207 0.9200 0.9031 0.9122 0.9602 0.7653 0.8397 0.8836 580120
0.8278 0.9145 0.9137 0.8916 0.9000 0.9547 0.7437 0.8229 0.8725 517280
0.8170 0.9115 0.9132 0.8832 0.8933 0.9510 0.7276 0.8140 0.8686 477792
0.8002 0.8991 0.9082 0.8691 0.8816 0.9443 0.7022 0.7924 0.8579 415008
0.7867 0.9046 0.9084 0.8581 0.8710 0.9385 0.6822 0.7878 0.8527 377584
0.7703 0.8932 0.9030 0.8431 0.8574 0.9314 0.6570 0.7655 0.8413 330616
0.7541 0.8913 0.9024 0.8272 0.8432 0.9235 0.6319 0.7512 0.8337 295256
0.7355 0.8819 0.8967 0.8099 0.8254 0.9149 0.6044 0.7272 0.8207 259744];
foreman_qcif_avg_stvssimrdo=[0.9529 0.9314 0.9633 0.9569 0.9888 0.9901 0.9133 0.9210 0.9538 224216
0.9493 0.9280 0.9616 0.9534 0.9878 0.9893 0.9067 0.9167 0.9514 195320
0.9446 0.9276 0.9615 0.9494 0.9865 0.9881 0.8987 0.9151 0.9502 171480
0.9406 0.9236 0.9594 0.9455 0.9855 0.9872 0.8915 0.9102 0.9471 155104
0.9362 0.9194 0.9558 0.9417 0.9837 0.9857 0.8840 0.9044 0.9422 138920
0.9301 0.9151 0.9511 0.9361 0.9810 0.9832 0.8734 0.8977 0.9353 125936
0.9235 0.9145 0.9507 0.9303 0.9800 0.9825 0.8624 0.8962 0.9342 113040
0.9182 0.9102 0.9494 0.9253 0.9769 0.9795 0.8530 0.8891 0.9302 104344
0.9096 0.9071 0.9462 0.9174 0.9738 0.9772 0.8388 0.8834 0.9249 95640
0.9041 0.9070 0.9475 0.9120 0.9713 0.9749 0.8293 0.8810 0.9239 88384
0.8972 0.9006 0.9408 0.9054 0.9683 0.9726 0.8177 0.8722 0.9154 83704
0.8891 0.9026 0.9415 0.8977 0.9640 0.9689 0.8043 0.8703 0.9127 77248
0.8801 0.8957 0.9373 0.8890 0.9615 0.9661 0.7898 0.8613 0.9061 71832
0.8710 0.8963 0.9382 0.8799 0.9563 0.9604 0.7747 0.8575 0.9018 70400
0.8591 0.8913 0.9316 0.8674 0.9509 0.9570 0.7557 0.8478 0.8922 65824];
