akiyo_qcif_avg_stvssimrdo=[0.9602 0.9734 0.9698 0.9648 0.9830 0.9836 0.9282 0.9569 0.9539 15216
0.9582 0.9732 0.9667 0.9627 0.9775 0.9782 0.9252 0.9513 0.9455 13744
0.9546 0.9731 0.9666 0.9589 0.9757 0.9765 0.9183 0.9495 0.9439 12664
0.9513 0.9699 0.9627 0.9553 0.9813 0.9815 0.9111 0.9518 0.9448 12760
0.9447 0.9661 0.9624 0.9491 0.9764 0.9777 0.8999 0.9434 0.9409 11240
0.9412 0.9608 0.9558 0.9454 0.9790 0.9804 0.8931 0.9407 0.9370 10408
0.9311 0.9618 0.9562 0.9356 0.9743 0.9750 0.8757 0.9371 0.9321 10168
0.9259 0.9625 0.9522 0.9297 0.9724 0.9742 0.8662 0.9360 0.9277 9816
0.9158 0.9544 0.9463 0.9203 0.9698 0.9710 0.8494 0.9258 0.9189 9304
0.9101 0.9552 0.9469 0.9144 0.9623 0.9646 0.8396 0.9193 0.9135 8808
0.8945 0.9510 0.9381 0.8990 0.9547 0.9569 0.8143 0.9080 0.8976 8272
0.8813 0.9513 0.9383 0.8874 0.9446 0.9506 0.7932 0.8989 0.8919 7656
0.8682 0.9468 0.9315 0.8738 0.9371 0.9419 0.7725 0.8872 0.8771 7360
0.8588 0.9458 0.9301 0.8648 0.9350 0.9366 0.7591 0.8847 0.8710 6880
0.8442 0.9416 0.9281 0.8491 0.9276 0.9327 0.7361 0.8737 0.8654 6864];
bridge_qcif_avg_stvssimrdo=[0.9146 0.8508 0.8718 0.9166 0.9653 0.9659 0.8475 0.8215 0.8425 14240
0.9084 0.8475 0.8694 0.9097 0.9634 0.9636 0.8356 0.8169 0.8381 9832
0.9021 0.8476 0.8690 0.9032 0.9585 0.9592 0.8244 0.8128 0.8340 10600
0.8949 0.8450 0.8650 0.8956 0.9556 0.9562 0.8117 0.8078 0.8275 7504
0.8868 0.8420 0.8647 0.8874 0.9506 0.9512 0.7980 0.8007 0.8230 6272
0.8785 0.8392 0.8647 0.8783 0.9444 0.9451 0.7832 0.7929 0.8177 5560
0.8653 0.8393 0.8649 0.8648 0.9356 0.9358 0.7622 0.7856 0.8098 5712
0.8514 0.8374 0.8569 0.8507 0.9298 0.9308 0.7397 0.7791 0.7981 4944
0.8414 0.8371 0.8555 0.8408 0.9270 0.9275 0.7244 0.7762 0.7937 5024
0.8319 0.8370 0.8556 0.8307 0.9233 0.9231 0.7094 0.7732 0.7902 4928
0.8157 0.8352 0.8535 0.8144 0.9145 0.9163 0.6860 0.7642 0.7826 4920
0.7994 0.8358 0.8530 0.7990 0.9028 0.9045 0.6625 0.7549 0.7721 4888
0.7878 0.8347 0.8533 0.7869 0.8989 0.8994 0.6455 0.7510 0.7679 4744
0.7619 0.8358 0.8530 0.7618 0.8798 0.8792 0.6117 0.7356 0.7505 4840
0.7480 0.8340 0.8503 0.7477 0.8686 0.8690 0.5920 0.7247 0.7391 4712];
bus_qcif_avg_stvssimrdo=[0.8981 0.9791 0.9812 0.9387 0.9765 0.9771 0.8590 0.9562 0.9588 339776
0.8791 0.9773 0.9777 0.9212 0.9691 0.9699 0.8325 0.9472 0.9481 298344
0.8783 0.9778 0.9795 0.9260 0.9748 0.9755 0.8348 0.9533 0.9556 272968
0.8685 0.9763 0.9778 0.9169 0.9637 0.9645 0.8200 0.9410 0.9430 246624
0.8545 0.9750 0.9759 0.9086 0.9610 0.9620 0.8026 0.9371 0.9387 209680
0.8442 0.9718 0.9733 0.9020 0.9542 0.9553 0.7872 0.9275 0.9298 190088
0.8166 0.9707 0.9701 0.8776 0.9538 0.9551 0.7505 0.9260 0.9265 161840
0.8130 0.9672 0.9678 0.8819 0.9327 0.9344 0.7418 0.9026 0.9042 147344
0.7918 0.9616 0.9633 0.8635 0.9341 0.9358 0.7125 0.8992 0.9012 129088
0.7686 0.9637 0.9645 0.8415 0.9003 0.9027 0.6790 0.8682 0.8706 114736
0.7385 0.9580 0.9588 0.8208 0.8829 0.8859 0.6432 0.8470 0.8494 95968
0.7251 0.9561 0.9609 0.8038 0.8957 0.8988 0.6197 0.8582 0.8637 85736
0.7060 0.9515 0.9582 0.7845 0.8820 0.8856 0.5889 0.8408 0.8484 74688
0.6751 0.9481 0.9544 0.7618 0.8586 0.8628 0.5539 0.8163 0.8232 66664
0.6397 0.9438 0.9545 0.7210 0.8465 0.8505 0.5103 0.8020 0.8116 58128];
carphone_qcif_avg_stvssimrdo=[0.9310 0.9475 0.9540 0.9315 0.9690 0.9707 0.8737 0.9180 0.9260 58160
0.9209 0.9407 0.9473 0.9222 0.9674 0.9692 0.8599 0.9100 0.9181 49304
0.9180 0.9416 0.9465 0.9206 0.9673 0.9690 0.8554 0.9106 0.9170 44544
0.9176 0.9378 0.9437 0.9200 0.9642 0.9653 0.8536 0.9040 0.9108 42896
0.9134 0.9360 0.9406 0.9148 0.9604 0.9617 0.8438 0.8988 0.9044 38448
0.9152 0.9285 0.9342 0.9147 0.9581 0.9596 0.8440 0.8894 0.8963 35728
0.9040 0.9271 0.9330 0.9055 0.9540 0.9558 0.8283 0.8843 0.8917 33080
0.8998 0.9263 0.9312 0.9019 0.9508 0.9526 0.8209 0.8805 0.8868 28648
0.8911 0.9175 0.9287 0.8947 0.9462 0.9483 0.8080 0.8679 0.8806 26928
0.8828 0.9191 0.9283 0.8859 0.9454 0.9479 0.7947 0.8686 0.8798 24472
0.8736 0.9172 0.9243 0.8751 0.9377 0.9390 0.7787 0.8597 0.8677 21792
0.8642 0.9151 0.9254 0.8642 0.9276 0.9288 0.7633 0.8484 0.8594 19912
0.8603 0.9128 0.9115 0.8608 0.9268 0.9279 0.7554 0.8456 0.8459 18832
0.8426 0.9091 0.9127 0.8429 0.9167 0.9187 0.7281 0.8333 0.8390 17136
0.8289 0.9053 0.9069 0.8264 0.9069 0.9075 0.7067 0.8212 0.8234 16560];
coastguard_qcif_avg_stvssimrdo=[0.7197 0.9718 0.9760 0.7591 0.8632 0.8653 0.5842 0.8373 0.8432 84448
0.7161 0.9686 0.9756 0.7548 0.8643 0.8664 0.5770 0.8355 0.8440 74192
0.7170 0.9690 0.9757 0.7532 0.8626 0.8650 0.5728 0.8342 0.8428 66392
0.7143 0.9675 0.9764 0.7480 0.8580 0.8610 0.5652 0.8284 0.8394 58272
0.7032 0.9653 0.9737 0.7356 0.8404 0.8437 0.5491 0.8092 0.8202 51768
0.6876 0.9640 0.9706 0.7215 0.8282 0.8318 0.5286 0.7962 0.8055 41360
0.6831 0.9642 0.9719 0.7111 0.8295 0.8337 0.5155 0.7980 0.8084 39472
0.6647 0.9627 0.9727 0.6916 0.8127 0.8172 0.4926 0.7800 0.7931 31184
0.6474 0.9611 0.9714 0.6731 0.7973 0.8022 0.4698 0.7641 0.7779 25224
0.6358 0.9617 0.9682 0.6554 0.7703 0.7752 0.4509 0.7376 0.7478 23936
0.6244 0.9601 0.9681 0.6406 0.7591 0.7651 0.4349 0.7261 0.7388 20904
0.5966 0.9600 0.9673 0.6094 0.7059 0.7131 0.3988 0.6742 0.6868 16192
0.5807 0.9566 0.9658 0.5902 0.7052 0.7114 0.3807 0.6696 0.6839 13384
0.5633 0.9564 0.9659 0.5696 0.6769 0.6844 0.3598 0.6421 0.6575 11128
0.5479 0.9541 0.9634 0.5515 0.6663 0.6750 0.3403 0.6302 0.6472 10104];
container_qcif_avg_stvssimrdo=[0.9181 0.9665 0.9663 0.9257 0.9436 0.9425 0.8585 0.9114 0.9101 11576
0.9165 0.9620 0.9618 0.9235 0.9434 0.9422 0.8551 0.9068 0.9055 10880
0.9172 0.9616 0.9616 0.9231 0.9472 0.9461 0.8545 0.9103 0.9091 9944
0.9129 0.9550 0.9557 0.9193 0.9460 0.9447 0.8477 0.9028 0.9023 9008
0.9104 0.9514 0.9526 0.9162 0.9465 0.9448 0.8425 0.8999 0.8995 8520
0.9073 0.9479 0.9492 0.9129 0.9416 0.9398 0.8372 0.8918 0.8914 8320
0.9049 0.9475 0.9491 0.9104 0.9425 0.9409 0.8328 0.8925 0.8925 8200
0.8997 0.9395 0.9426 0.9058 0.9399 0.9382 0.8239 0.8824 0.8840 8016
0.8957 0.9351 0.9363 0.9007 0.9342 0.9330 0.8161 0.8726 0.8729 7768
0.8899 0.9362 0.9366 0.8952 0.9258 0.9244 0.8075 0.8657 0.8649 7320
0.8815 0.9279 0.9268 0.8871 0.9183 0.9165 0.7937 0.8512 0.8491 7280
0.8783 0.9272 0.9278 0.8835 0.9115 0.9104 0.7883 0.8434 0.8436 6912
0.8657 0.9217 0.9200 0.8713 0.9018 0.9006 0.7694 0.8294 0.8277 6536
0.8572 0.9213 0.9202 0.8626 0.8894 0.8892 0.7557 0.8173 0.8171 6544
0.8493 0.9231 0.9215 0.8538 0.8802 0.8802 0.7430 0.8104 0.8100 6568];
football_qcif_avg_stvssimrdo=[0.8950 0.9455 0.9374 0.9359 0.9507 0.9609 0.8414 0.8987 0.9006 994184
0.8810 0.9378 0.9297 0.9279 0.9403 0.9522 0.8216 0.8818 0.8851 881344
0.8662 0.9375 0.9290 0.9177 0.9316 0.9459 0.8005 0.8732 0.8786 793592
0.8490 0.9285 0.9213 0.9028 0.9246 0.9409 0.7732 0.8583 0.8667 710848
0.8303 0.9220 0.9152 0.8909 0.9163 0.9345 0.7470 0.8443 0.8549 613160
0.8089 0.9109 0.9069 0.8719 0.9012 0.9223 0.7140 0.8206 0.8363 527208
0.7881 0.9093 0.9048 0.8538 0.8926 0.9153 0.6849 0.8115 0.8282 463824
0.7704 0.9033 0.8977 0.8398 0.8734 0.8989 0.6576 0.7884 0.8068 399832
0.7426 0.8858 0.8889 0.8068 0.8441 0.8733 0.6125 0.7476 0.7765 336416
0.7244 0.8820 0.8892 0.7879 0.8293 0.8603 0.5858 0.7319 0.7657 294728
0.7002 0.8722 0.8813 0.7685 0.8178 0.8509 0.5532 0.7135 0.7502 240544
0.6928 0.8727 0.8826 0.7613 0.8122 0.8471 0.5412 0.7087 0.7474 219488
0.6654 0.8560 0.8739 0.7285 0.7863 0.8237 0.5008 0.6740 0.7204 181216
0.6477 0.8557 0.8717 0.7053 0.7487 0.7896 0.4710 0.6419 0.6898 157128
0.6191 0.8396 0.8671 0.6647 0.7321 0.7777 0.4293 0.6159 0.6748 126352];
