akiyo_qcif_avg_stvssimrdo=[0.9726 0.9749 0.9714 0.9733 0.9902 0.9904 0.9471 0.9653 0.9621 44840
0.9683 0.9742 0.9698 0.9695 0.9878 0.9883 0.9394 0.9623 0.9585 39600
0.9659 0.9738 0.9697 0.9671 0.9869 0.9876 0.9348 0.9611 0.9576 34832
0.9635 0.9705 0.9660 0.9645 0.9869 0.9869 0.9303 0.9578 0.9532 32424
0.9564 0.9685 0.9647 0.9580 0.9850 0.9854 0.9179 0.9540 0.9507 29736
0.9517 0.9638 0.9600 0.9534 0.9832 0.9842 0.9096 0.9478 0.9447 26584
0.9445 0.9657 0.9603 0.9465 0.9811 0.9818 0.8966 0.9476 0.9427 25040
0.9387 0.9650 0.9586 0.9411 0.9773 0.9786 0.8867 0.9430 0.9380 22240
0.9352 0.9577 0.9515 0.9370 0.9760 0.9771 0.8802 0.9347 0.9296 24432
0.9249 0.9570 0.9513 0.9283 0.9713 0.9726 0.8637 0.9296 0.9252 20808
0.9145 0.9537 0.9444 0.9173 0.9650 0.9675 0.8451 0.9203 0.9137 20816
0.9112 0.9543 0.9433 0.9140 0.9605 0.9651 0.8394 0.9166 0.9101 21088
0.8966 0.9514 0.9380 0.9005 0.9556 0.9573 0.8167 0.9090 0.8979 20752
0.8867 0.9516 0.9370 0.8891 0.9547 0.9555 0.7989 0.9085 0.8951 16400
0.8777 0.9476 0.9367 0.8817 0.9520 0.9545 0.7873 0.9019 0.8940 16200];
bridge_qcif_avg_stvssimrdo=[0.9372 0.8532 0.8739 0.9404 0.9742 0.9751 0.8851 0.8316 0.8524 83992
0.9310 0.8511 0.8710 0.9332 0.9699 0.9706 0.8731 0.8258 0.8458 69928
0.9224 0.8506 0.8711 0.9232 0.9664 0.9671 0.8566 0.8224 0.8428 57024
0.9164 0.8481 0.8667 0.9177 0.9624 0.9633 0.8468 0.8166 0.8354 48152
0.9068 0.8422 0.8659 0.9078 0.9588 0.9595 0.8300 0.8078 0.8313 36664
0.8988 0.8394 0.8653 0.8980 0.9537 0.9543 0.8147 0.8010 0.8261 26296
0.8899 0.8395 0.8650 0.8886 0.9488 0.9496 0.7993 0.7970 0.8218 25760
0.8778 0.8388 0.8583 0.8762 0.9411 0.9421 0.7797 0.7896 0.8088 19304
0.8675 0.8377 0.8572 0.8672 0.9343 0.9349 0.7646 0.7832 0.8018 15760
0.8609 0.8367 0.8567 0.8584 0.9309 0.9319 0.7521 0.7792 0.7987 15440
0.8412 0.8361 0.8554 0.8397 0.9201 0.9210 0.7236 0.7695 0.7881 12072
0.8307 0.8363 0.8553 0.8261 0.9077 0.9097 0.7037 0.7594 0.7786 11688
0.8145 0.8360 0.8525 0.8134 0.9042 0.9046 0.6838 0.7566 0.7720 9520
0.7910 0.8353 0.8523 0.7885 0.8843 0.8842 0.6499 0.7394 0.7542 8704
0.7773 0.8360 0.8521 0.7803 0.8813 0.8820 0.6363 0.7369 0.7520 10104];
carphone_qcif_avg_stvssimrdo=[0.9668 0.9530 0.9586 0.9708 0.9809 0.9821 0.9390 0.9347 0.9413 188176
0.9635 0.9491 0.9535 0.9682 0.9798 0.9809 0.9333 0.9298 0.9352 165992
0.9598 0.9491 0.9532 0.9642 0.9763 0.9776 0.9261 0.9264 0.9317 146808
0.9566 0.9452 0.9506 0.9609 0.9759 0.9771 0.9200 0.9223 0.9287 135168
0.9515 0.9428 0.9473 0.9561 0.9708 0.9724 0.9107 0.9152 0.9211 116696
0.9473 0.9357 0.9402 0.9521 0.9695 0.9712 0.9031 0.9069 0.9130 106032
0.9413 0.9355 0.9410 0.9462 0.9651 0.9671 0.8922 0.9027 0.9099 96056
0.9363 0.9366 0.9375 0.9413 0.9639 0.9651 0.8830 0.9026 0.9047 86816
0.9311 0.9288 0.9346 0.9358 0.9577 0.9597 0.8732 0.8890 0.8966 80368
0.9253 0.9302 0.9319 0.9300 0.9536 0.9558 0.8629 0.8867 0.8904 74768
0.9168 0.9260 0.9318 0.9208 0.9461 0.9475 0.8474 0.8755 0.8825 67096
0.9125 0.9254 0.9307 0.9166 0.9479 0.9492 0.8398 0.8768 0.8832 62248
0.9032 0.9217 0.9197 0.9073 0.9378 0.9404 0.8240 0.8641 0.8649 58024
0.8941 0.9258 0.9206 0.8969 0.9327 0.9342 0.8074 0.8631 0.8600 51656
0.8839 0.9168 0.9168 0.8854 0.9257 0.9271 0.7890 0.8480 0.8495 49368];
coastguard_qcif_avg_stvssimrdo=[0.9211 0.9681 0.9761 0.9353 0.9747 0.9757 0.8631 0.9435 0.9523 533080
0.9107 0.9641 0.9743 0.9257 0.9715 0.9726 0.8452 0.9364 0.9475 454672
0.8969 0.9636 0.9751 0.9141 0.9667 0.9680 0.8226 0.9312 0.9437 387256
0.8856 0.9617 0.9732 0.9040 0.9642 0.9658 0.8041 0.9271 0.9397 339936
0.8695 0.9605 0.9717 0.8892 0.9572 0.9589 0.7778 0.9191 0.9315 288152
0.8574 0.9575 0.9683 0.8781 0.9525 0.9544 0.7584 0.9116 0.9239 248800
0.8407 0.9572 0.9686 0.8629 0.9478 0.9499 0.7322 0.9068 0.9198 215240
0.8254 0.9571 0.9690 0.8483 0.9410 0.9436 0.7087 0.9002 0.9140 184424
0.8112 0.9561 0.9649 0.8351 0.9343 0.9371 0.6869 0.8928 0.9037 157880
0.7950 0.9559 0.9650 0.8208 0.9249 0.9278 0.6629 0.8834 0.8948 144008
0.7710 0.9500 0.9648 0.7953 0.9163 0.9197 0.6262 0.8699 0.8869 117192
0.7578 0.9500 0.9645 0.7833 0.9078 0.9116 0.6073 0.8618 0.8787 106352
0.7383 0.9506 0.9631 0.7617 0.8927 0.8965 0.5767 0.8475 0.8629 95424
0.7242 0.9508 0.9640 0.7472 0.8815 0.8867 0.5573 0.8374 0.8543 84384
0.7025 0.9509 0.9628 0.7244 0.8698 0.8742 0.5264 0.8257 0.8409 73560];
container_qcif_avg_stvssimrdo=[0.9394 0.9662 0.9665 0.9413 0.9769 0.9753 0.8873 0.9438 0.9426 48288
0.9374 0.9630 0.9638 0.9389 0.9741 0.9724 0.8832 0.9381 0.9372 42224
0.9338 0.9630 0.9639 0.9349 0.9719 0.9701 0.8765 0.9360 0.9351 35192
0.9310 0.9562 0.9583 0.9326 0.9703 0.9685 0.8720 0.9278 0.9282 32392
0.9268 0.9533 0.9566 0.9283 0.9681 0.9662 0.8643 0.9229 0.9243 27608
0.9230 0.9478 0.9502 0.9240 0.9659 0.9638 0.8575 0.9154 0.9158 25064
0.9188 0.9476 0.9510 0.9196 0.9618 0.9596 0.8500 0.9113 0.9125 22176
0.9147 0.9427 0.9466 0.9152 0.9573 0.9555 0.8425 0.9024 0.9044 21040
0.9085 0.9372 0.9422 0.9099 0.9512 0.9494 0.8326 0.8911 0.8945 19712
0.9053 0.9384 0.9412 0.9071 0.9478 0.9459 0.8274 0.8889 0.8901 19240
0.8971 0.9326 0.9302 0.8993 0.9390 0.9372 0.8139 0.8751 0.8715 16624
0.8917 0.9346 0.9266 0.8941 0.9372 0.9355 0.8054 0.8753 0.8666 15544
0.8811 0.9280 0.9272 0.8834 0.9305 0.9287 0.7881 0.8629 0.8610 13496
0.8745 0.9285 0.9287 0.8779 0.9212 0.9202 0.7792 0.8542 0.8541 12784
0.8634 0.9225 0.9272 0.8665 0.9054 0.9042 0.7615 0.8334 0.8375 12952];
football_qcif_avg_stvssimrdo=[0.9279 0.9538 0.9493 0.9796 0.9764 0.9820 0.9093 0.9313 0.9322 1224816
0.9190 0.9481 0.9440 0.9761 0.9726 0.9792 0.8975 0.9221 0.9243 1099472
0.9077 0.9482 0.9436 0.9721 0.9684 0.9758 0.8830 0.9182 0.9207 1011080
0.8977 0.9418 0.9378 0.9684 0.9636 0.9725 0.8700 0.9076 0.9120 932008
0.8830 0.9369 0.9341 0.9624 0.9569 0.9673 0.8508 0.8965 0.9035 834792
0.8729 0.9269 0.9249 0.9578 0.9513 0.9632 0.8372 0.8818 0.8908 752792
0.8613 0.9260 0.9253 0.9511 0.9451 0.9585 0.8207 0.8751 0.8868 690912
0.8472 0.9208 0.9215 0.9440 0.9374 0.9525 0.8016 0.8633 0.8777 621424
0.8357 0.9125 0.9137 0.9375 0.9303 0.9468 0.7854 0.8489 0.8650 556080
0.8233 0.9123 0.9142 0.9297 0.9231 0.9412 0.7680 0.8422 0.8604 508416
0.8049 0.9016 0.9092 0.9182 0.9111 0.9317 0.7420 0.8214 0.8470 447480
0.7935 0.9001 0.9070 0.9104 0.9043 0.9257 0.7256 0.8139 0.8394 407176
0.7792 0.8912 0.9030 0.9002 0.8933 0.9166 0.7048 0.7962 0.8275 364272
0.7626 0.8907 0.9037 0.8869 0.8820 0.9070 0.6801 0.7857 0.8195 325744
0.7455 0.8821 0.8970 0.8721 0.8661 0.8942 0.6543 0.7640 0.8020 288080];
foreman_qcif_avg_stvssimrdo=[0.9555 0.9326 0.9643 0.9737 0.9906 0.9904 0.9311 0.9238 0.9551 233816
0.9510 0.9283 0.9621 0.9707 0.9894 0.9892 0.9239 0.9185 0.9518 202344
0.9474 0.9286 0.9622 0.9684 0.9882 0.9880 0.9183 0.9176 0.9507 181120
0.9434 0.9243 0.9598 0.9657 0.9870 0.9868 0.9119 0.9123 0.9472 164984
0.9376 0.9210 0.9573 0.9616 0.9854 0.9851 0.9027 0.9076 0.9431 145720
0.9342 0.9142 0.9524 0.9593 0.9839 0.9837 0.8974 0.8995 0.9370 134224
0.9270 0.9148 0.9524 0.9544 0.9815 0.9814 0.8860 0.8980 0.9348 122312
0.9210 0.9139 0.9505 0.9495 0.9800 0.9797 0.8761 0.8957 0.9314 113640
0.9148 0.9080 0.9482 0.9448 0.9768 0.9767 0.8661 0.8871 0.9263 103400
0.9087 0.9077 0.9469 0.9408 0.9753 0.9753 0.8569 0.8853 0.9238 94224
0.9029 0.9026 0.9413 0.9354 0.9732 0.9729 0.8467 0.8785 0.9160 91568
0.8985 0.9034 0.9419 0.9323 0.9705 0.9706 0.8400 0.8770 0.9144 85488
0.8864 0.8968 0.9383 0.9223 0.9651 0.9652 0.8205 0.8659 0.9060 79800
0.8765 0.8968 0.9384 0.9119 0.9591 0.9592 0.8033 0.8604 0.9005 75696
0.8711 0.8949 0.9327 0.9068 0.9579 0.9579 0.7946 0.8576 0.8939 72664];
