akiyo_qcif_avg_stvssimrdo=[0.9730 0.9747 0.9712 0.9723 0.9926 0.9937 0.9466 0.9675 0.9651 47544
0.9698 0.9740 0.9702 0.9694 0.9915 0.9927 0.9407 0.9658 0.9631 42288
0.9658 0.9742 0.9697 0.9655 0.9904 0.9920 0.9334 0.9649 0.9619 36960
0.9628 0.9708 0.9661 0.9622 0.9897 0.9909 0.9276 0.9609 0.9573 34176
0.9571 0.9680 0.9646 0.9572 0.9886 0.9901 0.9179 0.9571 0.9551 30248
0.9524 0.9641 0.9598 0.9521 0.9866 0.9890 0.9091 0.9513 0.9492 27520
0.9468 0.9663 0.9607 0.9465 0.9867 0.9881 0.8990 0.9536 0.9492 26288
0.9393 0.9650 0.9593 0.9396 0.9825 0.9855 0.8862 0.9482 0.9454 24752
0.9345 0.9570 0.9511 0.9345 0.9821 0.9851 0.8781 0.9400 0.9369 23136
0.9272 0.9573 0.9507 0.9279 0.9778 0.9811 0.8658 0.9362 0.9328 22616
0.9153 0.9534 0.9455 0.9158 0.9741 0.9785 0.8452 0.9288 0.9252 21488
0.9098 0.9539 0.9440 0.9119 0.9710 0.9774 0.8370 0.9265 0.9225 19960
0.8968 0.9514 0.9379 0.8991 0.9648 0.9702 0.8165 0.9180 0.9100 20128
0.8900 0.9522 0.9380 0.8911 0.9653 0.9700 0.8041 0.9193 0.9098 17752
0.8831 0.9479 0.9346 0.8850 0.9629 0.9685 0.7940 0.9127 0.9052 16896];
bridge_qcif_avg_stvssimrdo=[0.9382 0.8536 0.8747 0.9336 0.9814 0.9822 0.8791 0.8380 0.8593 111752
0.9319 0.8510 0.8707 0.9265 0.9792 0.9796 0.8671 0.8335 0.8532 87248
0.9257 0.8512 0.8708 0.9197 0.9770 0.9775 0.8555 0.8320 0.8515 73256
0.9189 0.8488 0.8675 0.9128 0.9742 0.9747 0.8435 0.8272 0.8458 59800
0.9112 0.8427 0.8663 0.9044 0.9725 0.9723 0.8299 0.8198 0.8425 45744
0.8992 0.8392 0.8656 0.8915 0.9670 0.9676 0.8088 0.8119 0.8377 36176
0.8921 0.8397 0.8655 0.8846 0.9659 0.9657 0.7970 0.8114 0.8361 30648
0.8786 0.8388 0.8583 0.8713 0.9605 0.9607 0.7751 0.8059 0.8248 24480
0.8683 0.8376 0.8570 0.8610 0.9555 0.9552 0.7592 0.8007 0.8188 19416
0.8534 0.8369 0.8571 0.8464 0.9498 0.9490 0.7368 0.7951 0.8134 16408
0.8392 0.8364 0.8551 0.8323 0.9443 0.9441 0.7142 0.7899 0.8074 13544
0.8195 0.8367 0.8555 0.8140 0.9393 0.9400 0.6867 0.7860 0.8043 12288
0.8131 0.8356 0.8530 0.8068 0.9378 0.9372 0.6765 0.7842 0.7998 10376
0.7928 0.8361 0.8528 0.7889 0.9307 0.9291 0.6512 0.7785 0.7925 10016
0.7800 0.8367 0.8522 0.7781 0.9148 0.9126 0.6353 0.7657 0.7780 8944];
carphone_qcif_avg_stvssimrdo=[0.9677 0.9530 0.9581 0.9674 0.9833 0.9849 0.9369 0.9370 0.9437 197576
0.9646 0.9484 0.9543 0.9643 0.9798 0.9821 0.9309 0.9292 0.9371 173208
0.9608 0.9490 0.9537 0.9608 0.9790 0.9808 0.9241 0.9291 0.9353 153344
0.9570 0.9456 0.9497 0.9568 0.9772 0.9789 0.9170 0.9239 0.9296 139720
0.9522 0.9421 0.9479 0.9519 0.9755 0.9769 0.9081 0.9189 0.9260 121808
0.9480 0.9358 0.9410 0.9481 0.9710 0.9728 0.9008 0.9085 0.9153 111760
0.9429 0.9357 0.9402 0.9429 0.9689 0.9706 0.8913 0.9064 0.9125 100920
0.9367 0.9347 0.9377 0.9363 0.9651 0.9655 0.8798 0.9018 0.9051 91144
0.9311 0.9287 0.9333 0.9309 0.9617 0.9632 0.8700 0.8928 0.8988 84880
0.9267 0.9293 0.9330 0.9262 0.9591 0.9612 0.8621 0.8910 0.8966 76944
0.9161 0.9262 0.9335 0.9151 0.9498 0.9498 0.8434 0.8793 0.8863 70144
0.9143 0.9267 0.9307 0.9128 0.9521 0.9520 0.8398 0.8819 0.8860 63456
0.9024 0.9250 0.9218 0.9009 0.9418 0.9413 0.8202 0.8708 0.8676 60992
0.8951 0.9219 0.9213 0.8929 0.9360 0.9365 0.8077 0.8624 0.8627 56192
0.8896 0.9183 0.9201 0.8875 0.9393 0.9374 0.7982 0.8624 0.8625 53384];
coastguard_qcif_avg_stvssimrdo=[0.9232 0.9683 0.9756 0.9265 0.9790 0.9802 0.8576 0.9478 0.9561 550656
0.9129 0.9636 0.9749 0.9165 0.9770 0.9785 0.8395 0.9412 0.9538 470192
0.9008 0.9643 0.9752 0.9048 0.9745 0.9762 0.8188 0.9396 0.9518 404536
0.8890 0.9617 0.9741 0.8933 0.9703 0.9723 0.7987 0.9329 0.9469 358880
0.8729 0.9607 0.9720 0.8776 0.9657 0.9678 0.7720 0.9274 0.9404 304184
0.8607 0.9571 0.9696 0.8654 0.9613 0.9638 0.7520 0.9197 0.9342 263848
0.8445 0.9576 0.9687 0.8497 0.9574 0.9601 0.7265 0.9163 0.9296 229472
0.8293 0.9570 0.9689 0.8346 0.9522 0.9554 0.7026 0.9108 0.9254 197400
0.8128 0.9554 0.9652 0.8177 0.9441 0.9475 0.6768 0.9015 0.9140 164816
0.8018 0.9554 0.9655 0.8070 0.9403 0.9439 0.6603 0.8978 0.9107 152304
0.7758 0.9510 0.9649 0.7809 0.9314 0.9357 0.6220 0.8853 0.9023 126512
0.7613 0.9506 0.9660 0.7660 0.9236 0.9284 0.6009 0.8775 0.8961 110680
0.7425 0.9520 0.9637 0.7471 0.9151 0.9199 0.5746 0.8702 0.8857 99600
0.7247 0.9514 0.9634 0.7274 0.9049 0.9107 0.5483 0.8600 0.8766 91368
0.7104 0.9499 0.9635 0.7131 0.8989 0.9044 0.5297 0.8527 0.8704 79208];
container_qcif_avg_stvssimrdo=[0.9414 0.9663 0.9663 0.9404 0.9804 0.9784 0.8883 0.9473 0.9455 54408
0.9381 0.9635 0.9644 0.9369 0.9785 0.9764 0.8821 0.9428 0.9416 45232
0.9346 0.9634 0.9636 0.9331 0.9761 0.9741 0.8757 0.9403 0.9386 39416
0.9310 0.9556 0.9587 0.9299 0.9735 0.9713 0.8698 0.9303 0.9312 34608
0.9274 0.9535 0.9566 0.9260 0.9717 0.9698 0.8630 0.9264 0.9276 29048
0.9215 0.9480 0.9506 0.9200 0.9687 0.9663 0.8529 0.9182 0.9187 28048
0.9194 0.9478 0.9505 0.9181 0.9671 0.9647 0.8490 0.9164 0.9169 24264
0.9140 0.9425 0.9460 0.9128 0.9621 0.9601 0.8399 0.9066 0.9082 20272
0.9075 0.9370 0.9413 0.9059 0.9571 0.9545 0.8284 0.8963 0.8985 22576
0.9033 0.9356 0.9423 0.9019 0.9523 0.9503 0.8214 0.8905 0.8954 19256
0.8967 0.9326 0.9297 0.8957 0.9445 0.9421 0.8105 0.8802 0.8757 18184
0.8895 0.9329 0.9281 0.8887 0.9392 0.9376 0.7996 0.8755 0.8699 17480
0.8803 0.9275 0.9253 0.8796 0.9309 0.9300 0.7858 0.8622 0.8606 16208
0.8699 0.9272 0.9278 0.8699 0.9254 0.9244 0.7707 0.8567 0.8574 15064
0.8578 0.9232 0.9249 0.8572 0.9145 0.9135 0.7517 0.8425 0.8440 13904];
football_qcif_avg_stvssimrdo=[0.9282 0.9545 0.9494 0.9604 0.9622 0.9840 0.8927 0.9184 0.9342 1223312
0.9193 0.9491 0.9419 0.9550 0.9568 0.9816 0.8795 0.9080 0.9246 1105024
0.9083 0.9488 0.9437 0.9485 0.9514 0.9790 0.8634 0.9026 0.9239 1016168
0.8982 0.9423 0.9368 0.9419 0.9459 0.9766 0.8484 0.8913 0.9150 936024
0.8842 0.9360 0.9335 0.9326 0.9371 0.9724 0.8276 0.8771 0.9078 832824
0.8739 0.9280 0.9262 0.9258 0.9306 0.9694 0.8125 0.8635 0.8980 754640
0.8618 0.9267 0.9254 0.9172 0.9232 0.9656 0.7944 0.8555 0.8937 692008
0.8485 0.9223 0.9202 0.9070 0.9137 0.9610 0.7742 0.8425 0.8844 619936
0.8369 0.9138 0.9152 0.8979 0.9062 0.9574 0.7565 0.8280 0.8764 563304
0.8235 0.9123 0.9140 0.8884 0.8972 0.9527 0.7373 0.8185 0.8710 511672
0.8085 0.9024 0.9077 0.8753 0.8850 0.9462 0.7138 0.7986 0.8591 449880
0.7970 0.8999 0.9067 0.8654 0.8774 0.9415 0.6963 0.7894 0.8540 413840
0.7811 0.8963 0.9043 0.8522 0.8667 0.9350 0.6730 0.7769 0.8458 368920
0.7664 0.8931 0.9031 0.8382 0.8525 0.9272 0.6500 0.7612 0.8376 330880
0.7479 0.8837 0.8959 0.8214 0.8351 0.9195 0.6222 0.7377 0.8243 293832];
foreman_qcif_avg_stvssimrdo=[0.9562 0.9320 0.9649 0.9600 0.9900 0.9913 0.9193 0.9226 0.9566 239624
0.9526 0.9287 0.9620 0.9568 0.9885 0.9900 0.9129 0.9179 0.9525 208512
0.9482 0.9286 0.9626 0.9529 0.9879 0.9894 0.9052 0.9174 0.9525 186752
0.9438 0.9246 0.9598 0.9488 0.9863 0.9879 0.8974 0.9118 0.9483 171744
0.9395 0.9208 0.9569 0.9448 0.9841 0.9861 0.8897 0.9062 0.9437 153472
0.9354 0.9147 0.9524 0.9414 0.9827 0.9850 0.8830 0.8989 0.9382 138960
0.9280 0.9151 0.9519 0.9344 0.9805 0.9830 0.8700 0.8972 0.9358 124904
0.9228 0.9130 0.9501 0.9293 0.9789 0.9813 0.8609 0.8938 0.9326 116000
0.9175 0.9075 0.9479 0.9246 0.9762 0.9796 0.8519 0.8859 0.9288 107488
0.9131 0.9084 0.9476 0.9204 0.9741 0.9773 0.8444 0.8849 0.9264 101376
0.9024 0.9033 0.9417 0.9103 0.9699 0.9740 0.8263 0.8762 0.9175 91384
0.8976 0.9037 0.9421 0.9056 0.9692 0.9735 0.8182 0.8761 0.9175 88608
0.8890 0.9000 0.9381 0.8972 0.9640 0.9686 0.8038 0.8676 0.9092 83568
0.8791 0.8982 0.9396 0.8871 0.9617 0.9662 0.7873 0.8639 0.9084 77592
0.8716 0.8951 0.9320 0.8797 0.9577 0.9618 0.7755 0.8575 0.8969 74528];
