akiyo_qcif_avg_stvssimrdo=[0.9682 0.9743 0.9703 0.9704 0.9878 0.9884 0.9403 0.9624 0.9590 20208
0.9653 0.9740 0.9679 0.9673 0.9871 0.9874 0.9347 0.9615 0.9557 18624
0.9624 0.9743 0.9675 0.9648 0.9864 0.9865 0.9297 0.9610 0.9545 17056
0.9578 0.9707 0.9661 0.9600 0.9839 0.9846 0.9209 0.9551 0.9512 15632
0.9508 0.9669 0.9636 0.9529 0.9815 0.9829 0.9081 0.9491 0.9470 14144
0.9477 0.9618 0.9557 0.9497 0.9813 0.9828 0.9025 0.9439 0.9392 13320
0.9385 0.9619 0.9567 0.9411 0.9793 0.9803 0.8869 0.9420 0.9377 12688
0.9333 0.9627 0.9565 0.9359 0.9749 0.9765 0.8779 0.9385 0.9338 12816
0.9248 0.9553 0.9469 0.9268 0.9697 0.9715 0.8621 0.9265 0.9200 11672
0.9182 0.9575 0.9474 0.9210 0.9696 0.9705 0.8520 0.9284 0.9194 11456
0.9058 0.9525 0.9396 0.9089 0.9611 0.9635 0.8312 0.9156 0.9053 11408
0.8986 0.9524 0.9400 0.9013 0.9558 0.9587 0.8182 0.9102 0.9009 10696
0.8903 0.9504 0.9360 0.8935 0.9543 0.9547 0.8057 0.9070 0.8937 10224
0.8747 0.9473 0.9330 0.8780 0.9435 0.9438 0.7816 0.8936 0.8804 10000
0.8672 0.9439 0.9293 0.8705 0.9417 0.9447 0.7696 0.8888 0.8778 8248];
bridge_qcif_avg_stvssimrdo=[0.9194 0.8512 0.8733 0.9209 0.9699 0.9707 0.8546 0.8259 0.8480 22544
0.9145 0.8481 0.8686 0.9155 0.9662 0.9665 0.8455 0.8198 0.8399 14568
0.9078 0.8480 0.8688 0.9083 0.9641 0.9649 0.8330 0.8181 0.8387 14704
0.9001 0.8446 0.8670 0.9005 0.9616 0.9624 0.8198 0.8126 0.8348 10464
0.8913 0.8409 0.8652 0.8912 0.9558 0.9564 0.8045 0.8042 0.8280 8960
0.8842 0.8371 0.8639 0.8832 0.9496 0.9504 0.7912 0.7954 0.8216 6992
0.8756 0.8372 0.8637 0.8746 0.9443 0.9448 0.7773 0.7911 0.8167 7112
0.8580 0.8366 0.8573 0.8567 0.9335 0.9345 0.7495 0.7814 0.8014 6400
0.8503 0.8370 0.8562 0.8499 0.9291 0.9293 0.7379 0.7780 0.7960 6184
0.8405 0.8369 0.8558 0.8387 0.9222 0.9226 0.7219 0.7721 0.7899 6496
0.8235 0.8346 0.8540 0.8213 0.9185 0.9190 0.6966 0.7670 0.7853 5952
0.8042 0.8348 0.8532 0.8032 0.9048 0.9059 0.6695 0.7557 0.7734 5176
0.7901 0.8342 0.8524 0.7877 0.8975 0.8982 0.6480 0.7491 0.7662 6192
0.7686 0.8341 0.8519 0.7688 0.8824 0.8817 0.6214 0.7364 0.7517 5184
0.7563 0.8372 0.8513 0.7552 0.8767 0.8759 0.6041 0.7346 0.7460 6384];
bus_qcif_avg_stvssimrdo=[0.9543 0.9833 0.9858 0.9765 0.9876 0.9881 0.9329 0.9712 0.9741 416648
0.9507 0.9828 0.9853 0.9753 0.9864 0.9869 0.9283 0.9695 0.9725 380456
0.9461 0.9823 0.9844 0.9720 0.9842 0.9847 0.9209 0.9668 0.9694 345200
0.9389 0.9815 0.9833 0.9693 0.9842 0.9848 0.9117 0.9661 0.9684 319776
0.9333 0.9810 0.9828 0.9678 0.9838 0.9844 0.9046 0.9652 0.9675 283136
0.9224 0.9760 0.9784 0.9607 0.9807 0.9815 0.8876 0.9573 0.9603 257240
0.9103 0.9755 0.9762 0.9533 0.9778 0.9786 0.8695 0.9541 0.9554 229680
0.8974 0.9741 0.9730 0.9450 0.9783 0.9791 0.8496 0.9531 0.9528 204280
0.8842 0.9689 0.9691 0.9365 0.9730 0.9741 0.8301 0.9431 0.9442 181456
0.8720 0.9684 0.9696 0.9281 0.9726 0.9736 0.8115 0.9421 0.9441 167192
0.8510 0.9657 0.9674 0.9137 0.9682 0.9694 0.7807 0.9354 0.9381 142240
0.8366 0.9653 0.9665 0.9035 0.9643 0.9656 0.7598 0.9312 0.9336 128984
0.8191 0.9575 0.9640 0.8890 0.9626 0.9640 0.7332 0.9225 0.9294 115528
0.7899 0.9550 0.9642 0.8689 0.9554 0.9572 0.6944 0.9132 0.9231 99032
0.7643 0.9516 0.9625 0.8457 0.9474 0.9495 0.6564 0.9028 0.9141 91960];
carphone_qcif_avg_stvssimrdo=[0.9542 0.9496 0.9550 0.9540 0.9737 0.9754 0.9118 0.9245 0.9314 84000
0.9499 0.9455 0.9514 0.9505 0.9726 0.9742 0.9045 0.9195 0.9268 75352
0.9489 0.9455 0.9510 0.9489 0.9705 0.9724 0.9019 0.9174 0.9247 69384
0.9443 0.9423 0.9477 0.9440 0.9677 0.9692 0.8933 0.9117 0.9183 60296
0.9385 0.9396 0.9462 0.9379 0.9655 0.9668 0.8825 0.9071 0.9147 54800
0.9349 0.9311 0.9353 0.9345 0.9634 0.9648 0.8764 0.8969 0.9023 48248
0.9294 0.9321 0.9346 0.9287 0.9590 0.9607 0.8661 0.8937 0.8977 44824
0.9218 0.9265 0.9352 0.9215 0.9560 0.9579 0.8533 0.8856 0.8957 40144
0.9164 0.9209 0.9304 0.9162 0.9502 0.9520 0.8440 0.8746 0.8855 37592
0.9118 0.9202 0.9284 0.9113 0.9494 0.9517 0.8357 0.8734 0.8835 34448
0.8964 0.9214 0.9282 0.8963 0.9404 0.9422 0.8102 0.8662 0.8744 30184
0.8897 0.9199 0.9248 0.8887 0.9379 0.9394 0.7993 0.8625 0.8686 26816
0.8857 0.9155 0.9123 0.8842 0.9348 0.9372 0.7915 0.8555 0.8550 25200
0.8728 0.9117 0.9160 0.8689 0.9204 0.9220 0.7694 0.8391 0.8450 23560
0.8554 0.9094 0.9114 0.8519 0.9153 0.9167 0.7420 0.8323 0.8356 23328];
coastguard_qcif_avg_stvssimrdo=[0.8655 0.9730 0.9779 0.8798 0.9460 0.9474 0.7671 0.9199 0.9260 208648
0.8517 0.9688 0.9774 0.8640 0.9289 0.9306 0.7420 0.8989 0.9088 174992
0.8422 0.9684 0.9772 0.8569 0.9403 0.9421 0.7284 0.9100 0.9201 149776
0.8264 0.9667 0.9765 0.8415 0.9331 0.9354 0.7033 0.9013 0.9130 127608
0.8080 0.9655 0.9746 0.8230 0.9278 0.9303 0.6748 0.8950 0.9060 103000
0.7949 0.9644 0.9726 0.8103 0.9222 0.9249 0.6551 0.8886 0.8989 89144
0.7716 0.9646 0.9720 0.7836 0.9012 0.9043 0.6189 0.8681 0.8779 72944
0.7516 0.9624 0.9737 0.7662 0.8913 0.8948 0.5926 0.8565 0.8703 61440
0.7349 0.9623 0.9709 0.7473 0.8830 0.8865 0.5671 0.8483 0.8595 54008
0.7123 0.9614 0.9701 0.7263 0.8607 0.8647 0.5389 0.8256 0.8375 44728
0.6930 0.9604 0.9705 0.7066 0.8622 0.8669 0.5137 0.8266 0.8402 38176
0.6604 0.9597 0.9695 0.6734 0.8108 0.8163 0.4714 0.7764 0.7902 30816
0.6425 0.9598 0.9689 0.6530 0.8141 0.8196 0.4497 0.7802 0.7935 26216
0.6176 0.9592 0.9690 0.6218 0.7817 0.7888 0.4172 0.7481 0.7632 21048
0.5861 0.9601 0.9670 0.5888 0.7535 0.7594 0.3829 0.7205 0.7322 16032];
container_qcif_avg_stvssimrdo=[0.9297 0.9669 0.9644 0.9345 0.9681 0.9665 0.8738 0.9359 0.9320 16448
0.9289 0.9626 0.9637 0.9325 0.9673 0.9658 0.8710 0.9310 0.9306 14848
0.9269 0.9642 0.9631 0.9305 0.9676 0.9658 0.8678 0.9329 0.9300 13584
0.9214 0.9553 0.9569 0.9255 0.9633 0.9619 0.8588 0.9199 0.9201 12144
0.9182 0.9512 0.9557 0.9223 0.9621 0.9606 0.8533 0.9150 0.9179 10960
0.9161 0.9478 0.9501 0.9195 0.9589 0.9571 0.8487 0.9087 0.9092 10576
0.9144 0.9464 0.9506 0.9177 0.9569 0.9552 0.8448 0.9054 0.9079 10264
0.9073 0.9419 0.9438 0.9106 0.9499 0.9483 0.8331 0.8944 0.8950 9560
0.9028 0.9369 0.9390 0.9063 0.9466 0.9448 0.8253 0.8863 0.8869 9456
0.8973 0.9366 0.9383 0.9004 0.9426 0.9411 0.8159 0.8823 0.8829 8696
0.8874 0.9265 0.9269 0.8914 0.9288 0.9273 0.8006 0.8601 0.8596 8336
0.8876 0.9273 0.9279 0.8904 0.9319 0.9303 0.7991 0.8633 0.8629 8560
0.8740 0.9244 0.9258 0.8769 0.9154 0.9147 0.7786 0.8449 0.8465 7816
0.8665 0.9238 0.9261 0.8701 0.9065 0.9050 0.7671 0.8360 0.8375 7480
0.8563 0.9242 0.9253 0.8589 0.8924 0.8917 0.7521 0.8228 0.8241 7720];
football_qcif_avg_stvssimrdo=[0.9270 0.9500 0.9409 0.9697 0.9670 0.9759 0.8997 0.9185 0.9182 1124992
0.9175 0.9446 0.9343 0.9652 0.9633 0.9733 0.8867 0.9097 0.9092 1009576
0.9054 0.9434 0.9331 0.9590 0.9554 0.9673 0.8697 0.9011 0.9024 915520
0.8952 0.9369 0.9256 0.9540 0.9500 0.9635 0.8558 0.8898 0.8917 838064
0.8813 0.9312 0.9201 0.9454 0.9401 0.9558 0.8355 0.8752 0.8793 736464
0.8689 0.9217 0.9123 0.9391 0.9329 0.9511 0.8188 0.8595 0.8674 662088
0.8541 0.9212 0.9123 0.9287 0.9241 0.9440 0.7968 0.8510 0.8610 596632
0.8407 0.9131 0.9043 0.9207 0.9177 0.9393 0.7780 0.8375 0.8491 527456
0.8251 0.9039 0.8981 0.9109 0.9057 0.9308 0.7562 0.8179 0.8357 465096
0.8124 0.9015 0.8985 0.9004 0.8963 0.9225 0.7367 0.8074 0.8286 421464
0.7898 0.8919 0.8903 0.8862 0.8814 0.9104 0.7054 0.7853 0.8102 355416
0.7743 0.8945 0.8877 0.8750 0.8736 0.9041 0.6834 0.7810 0.8023 317096
0.7574 0.8795 0.8823 0.8604 0.8595 0.8920 0.6577 0.7549 0.7865 277192
0.7341 0.8783 0.8817 0.8423 0.8436 0.8788 0.6244 0.7403 0.7746 236200
0.7156 0.8696 0.8770 0.8245 0.8223 0.8614 0.5967 0.7148 0.7552 206384];
