akiyo_qcif_avg_ssimrdo=[0.9577 0.9736 0.9683 0.9587 0.9783 0.9801 0.9223 0.9526 0.9490 13656
0.9564 0.9724 0.9648 0.9573 0.9826 0.9841 0.9190 0.9555 0.9494 13184
0.9528 0.9719 0.9644 0.9534 0.9796 0.9815 0.9120 0.9520 0.9467 12280
0.9495 0.9693 0.9635 0.9502 0.9788 0.9806 0.9061 0.9489 0.9448 11704
0.9418 0.9667 0.9610 0.9425 0.9798 0.9816 0.8923 0.9473 0.9433 10720
0.9362 0.9608 0.9550 0.9374 0.9802 0.9820 0.8828 0.9418 0.9378 9920
0.9283 0.9608 0.9553 0.9294 0.9777 0.9801 0.8691 0.9395 0.9363 9344
0.9189 0.9615 0.9528 0.9201 0.9726 0.9766 0.8534 0.9353 0.9306 8816
0.9128 0.9535 0.9451 0.9139 0.9723 0.9756 0.8429 0.9272 0.9221 8432
0.9029 0.9535 0.9452 0.9046 0.9656 0.9710 0.8263 0.9209 0.9179 8168
0.8904 0.9513 0.9343 0.8921 0.9612 0.9663 0.8056 0.9145 0.9028 7752
0.8787 0.9511 0.9346 0.8814 0.9573 0.9633 0.7877 0.9106 0.9002 7192
0.8608 0.9452 0.9308 0.8628 0.9502 0.9571 0.7587 0.8982 0.8908 7064
0.8504 0.9442 0.9295 0.8530 0.9459 0.9526 0.7442 0.8935 0.8853 6832
0.8378 0.9408 0.9243 0.8396 0.9404 0.9466 0.7266 0.8852 0.8747 6464];
bridge_qcif_avg_ssimrdo=[0.9143 0.8508 0.8709 0.9131 0.9705 0.9711 0.8449 0.8259 0.8461 13104
0.9088 0.8476 0.8689 0.9076 0.9698 0.9702 0.8348 0.8222 0.8433 9768
0.8995 0.8473 0.8690 0.8980 0.9664 0.9668 0.8184 0.8191 0.8405 9992
0.8947 0.8451 0.8657 0.8931 0.9653 0.9657 0.8100 0.8160 0.8364 7792
0.8854 0.8407 0.8638 0.8836 0.9617 0.9623 0.7942 0.8087 0.8316 6912
0.8761 0.8388 0.8639 0.8742 0.9575 0.9574 0.7786 0.8032 0.8275 5544
0.8641 0.8396 0.8635 0.8620 0.9534 0.9539 0.7591 0.8007 0.8241 5776
0.8490 0.8369 0.8581 0.8467 0.9504 0.9501 0.7355 0.7957 0.8156 5208
0.8378 0.8382 0.8543 0.8355 0.9474 0.9477 0.7172 0.7943 0.8100 4976
0.8289 0.8360 0.8558 0.8266 0.9448 0.9444 0.7046 0.7902 0.8084 4896
0.8141 0.8348 0.8531 0.8120 0.9382 0.9385 0.6829 0.7835 0.8008 4864
0.7955 0.8346 0.8527 0.7940 0.9331 0.9325 0.6558 0.7791 0.7954 4936
0.7830 0.8350 0.8545 0.7817 0.9252 0.9249 0.6389 0.7730 0.7905 4848
0.7602 0.8352 0.8542 0.7594 0.9172 0.9147 0.6081 0.7665 0.7815 4768
0.7471 0.8335 0.8493 0.7465 0.9138 0.9116 0.5907 0.7622 0.7743 4720];
bus_qcif_avg_ssimrdo=[0.8616 0.9758 0.9805 0.8690 0.9610 0.9624 0.7851 0.9377 0.9436 304560
0.8519 0.9765 0.9781 0.8595 0.9602 0.9616 0.7712 0.9377 0.9406 265968
0.8389 0.9754 0.9784 0.8482 0.9518 0.9532 0.7529 0.9286 0.9325 232944
0.8195 0.9745 0.9732 0.8277 0.9378 0.9391 0.7246 0.9139 0.9136 204144
0.8092 0.9723 0.9732 0.8178 0.9284 0.9299 0.7095 0.9027 0.9047 178832
0.7903 0.9675 0.9691 0.7993 0.9215 0.9228 0.6822 0.8919 0.8939 155800
0.7728 0.9671 0.9682 0.7823 0.9167 0.9181 0.6573 0.8868 0.8888 137880
0.7613 0.9662 0.9639 0.7687 0.9064 0.9076 0.6344 0.8762 0.8748 123208
0.7219 0.9594 0.9613 0.7288 0.8942 0.8966 0.5842 0.8584 0.8615 99632
0.7118 0.9598 0.9632 0.7163 0.8781 0.8804 0.5660 0.8433 0.8476 92248
0.6953 0.9525 0.9561 0.6931 0.8758 0.8784 0.5360 0.8355 0.8394 79192
0.6652 0.9516 0.9571 0.6596 0.8476 0.8510 0.4991 0.8080 0.8137 70376
0.6543 0.9447 0.9544 0.6443 0.8389 0.8425 0.4802 0.7948 0.8032 61600
0.6342 0.9441 0.9537 0.6230 0.8425 0.8460 0.4539 0.7971 0.8053 56080
0.6063 0.9425 0.9510 0.5902 0.8248 0.8269 0.4150 0.7792 0.7848 48824];
carphone_qcif_avg_ssimrdo=[0.9251 0.9453 0.9519 0.9232 0.9691 0.9697 0.8621 0.9161 0.9230 53632
0.9205 0.9408 0.9458 0.9182 0.9685 0.9687 0.8541 0.9111 0.9161 47680
0.9195 0.9410 0.9444 0.9181 0.9671 0.9675 0.8534 0.9099 0.9137 42176
0.9154 0.9386 0.9412 0.9139 0.9663 0.9657 0.8459 0.9067 0.9088 38512
0.9079 0.9360 0.9374 0.9067 0.9622 0.9617 0.8336 0.9004 0.9013 32624
0.9017 0.9272 0.9288 0.9004 0.9637 0.9627 0.8239 0.8934 0.8941 30704
0.8950 0.9269 0.9289 0.8929 0.9595 0.9584 0.8131 0.8892 0.8902 27568
0.8890 0.9233 0.9264 0.8877 0.9566 0.9545 0.8035 0.8832 0.8842 25256
0.8823 0.9175 0.9230 0.8809 0.9505 0.9495 0.7918 0.8718 0.8762 22416
0.8705 0.9152 0.9240 0.8693 0.9475 0.9474 0.7757 0.8669 0.8754 20904
0.8652 0.9138 0.9229 0.8632 0.9441 0.9433 0.7653 0.8625 0.8706 18512
0.8538 0.9127 0.9219 0.8515 0.9396 0.9381 0.7480 0.8574 0.8649 16080
0.8417 0.9079 0.9066 0.8396 0.9331 0.9302 0.7303 0.8470 0.8433 14776
0.8294 0.9039 0.9059 0.8263 0.9245 0.9226 0.7098 0.8355 0.8359 14392
0.8122 0.9020 0.8940 0.8090 0.9153 0.9078 0.6855 0.8254 0.8114 12824];
coastguard_qcif_avg_ssimrdo=[0.7539 0.9715 0.9762 0.7584 0.8558 0.8588 0.6007 0.8295 0.8367 106552
0.7520 0.9681 0.9750 0.7564 0.8619 0.8652 0.5967 0.8327 0.8423 92400
0.7493 0.9684 0.9758 0.7538 0.8644 0.8679 0.5916 0.8354 0.8456 80904
0.7285 0.9663 0.9746 0.7335 0.8348 0.8393 0.5656 0.8045 0.8161 64888
0.7219 0.9632 0.9737 0.7272 0.8433 0.8483 0.5542 0.8103 0.8244 55392
0.7102 0.9629 0.9704 0.7154 0.8320 0.8372 0.5384 0.7991 0.8105 47888
0.6896 0.9626 0.9718 0.6944 0.8269 0.8325 0.5114 0.7938 0.8071 40936
0.6683 0.9619 0.9692 0.6720 0.7973 0.8033 0.4834 0.7644 0.7759 33096
0.6496 0.9621 0.9664 0.6523 0.7731 0.7791 0.4590 0.7401 0.7494 26792
0.6369 0.9618 0.9658 0.6399 0.7641 0.7704 0.4435 0.7312 0.7405 23592
0.6303 0.9573 0.9642 0.6314 0.7720 0.7794 0.4330 0.7358 0.7488 21888
0.6091 0.9583 0.9639 0.6107 0.7452 0.7545 0.4089 0.7111 0.7244 18000
0.5880 0.9551 0.9654 0.5882 0.7402 0.7490 0.3853 0.7019 0.7198 14624
0.5742 0.9557 0.9657 0.5735 0.7380 0.7471 0.3696 0.7004 0.7183 12920
0.5517 0.9545 0.9633 0.5521 0.7303 0.7403 0.3440 0.6924 0.7100 10760];
container_qcif_avg_ssimrdo=[0.9192 0.9666 0.9637 0.9202 0.9474 0.9465 0.8551 0.9151 0.9117 11968
0.9165 0.9598 0.9610 0.9175 0.9442 0.9437 0.8503 0.9055 0.9063 10696
0.9144 0.9596 0.9604 0.9152 0.9449 0.9444 0.8465 0.9059 0.9064 9664
0.9123 0.9550 0.9570 0.9135 0.9451 0.9448 0.8432 0.9017 0.9035 8608
0.9085 0.9517 0.9530 0.9093 0.9423 0.9415 0.8362 0.8962 0.8966 8152
0.9050 0.9452 0.9461 0.9061 0.9428 0.9411 0.8301 0.8903 0.8897 8368
0.9030 0.9487 0.9444 0.9040 0.9412 0.9391 0.8267 0.8919 0.8862 8472
0.8988 0.9399 0.9392 0.8994 0.9371 0.9364 0.8192 0.8796 0.8789 7656
0.8929 0.9312 0.9335 0.8935 0.9303 0.9294 0.8098 0.8655 0.8669 7072
0.8900 0.9311 0.9337 0.8906 0.9282 0.9276 0.8043 0.8630 0.8652 6768
0.8798 0.9285 0.9229 0.8805 0.9160 0.9151 0.7879 0.8495 0.8441 7624
0.8794 0.9217 0.9218 0.8800 0.9182 0.9174 0.7863 0.8454 0.8452 7008
0.8688 0.9217 0.9174 0.8697 0.9157 0.9148 0.7696 0.8427 0.8390 6376
0.8547 0.9218 0.9174 0.8556 0.8894 0.8900 0.7503 0.8176 0.8152 6208
0.8445 0.9206 0.9194 0.8456 0.8854 0.8851 0.7352 0.8128 0.8124 6192];
football_qcif_avg_ssimrdo=[0.8663 0.9384 0.9330 0.8879 0.9110 0.9464 0.7787 0.8552 0.8835 906024
0.8440 0.9307 0.9244 0.8661 0.8973 0.9383 0.7432 0.8354 0.8677 777576
0.8320 0.9287 0.9243 0.8565 0.8869 0.9327 0.7255 0.8240 0.8626 707632
0.8044 0.9178 0.9165 0.8268 0.8569 0.9128 0.6816 0.7875 0.8374 609456
0.7871 0.9107 0.9106 0.8097 0.8448 0.9055 0.6554 0.7706 0.8255 528144
0.7627 0.8977 0.9018 0.7839 0.8165 0.8872 0.6185 0.7346 0.8015 447280
0.7403 0.8945 0.8984 0.7612 0.8003 0.8776 0.5862 0.7174 0.7895 386328
0.7236 0.8850 0.8938 0.7414 0.7848 0.8676 0.5602 0.6962 0.7766 329600
0.7001 0.8702 0.8849 0.7159 0.7671 0.8577 0.5283 0.6701 0.7602 274624
0.6747 0.8624 0.8825 0.6795 0.7347 0.8337 0.4904 0.6372 0.7382 237384
0.6613 0.8521 0.8764 0.6676 0.7332 0.8337 0.4723 0.6281 0.7325 199704
0.6455 0.8526 0.8773 0.6480 0.7180 0.8254 0.4501 0.6162 0.7271 174056
0.6299 0.8365 0.8682 0.6262 0.6894 0.8029 0.4273 0.5817 0.7004 145880
0.6140 0.8342 0.8651 0.6073 0.6863 0.8042 0.4055 0.5774 0.6988 127656
0.5972 0.8248 0.8597 0.5854 0.6681 0.7931 0.3834 0.5571 0.6852 107472];
