akiyo_qcif_avg_stvssimrdo=[0.9652 0.9741 0.9693 0.9684 0.9857 0.9864 0.9359 0.9602 0.9561 18240
0.9619 0.9734 0.9676 0.9650 0.9839 0.9844 0.9297 0.9577 0.9524 16352
0.9602 0.9733 0.9671 0.9631 0.9836 0.9845 0.9261 0.9574 0.9520 14992
0.9543 0.9703 0.9638 0.9574 0.9811 0.9818 0.9154 0.9520 0.9463 14408
0.9490 0.9669 0.9633 0.9517 0.9806 0.9818 0.9054 0.9482 0.9457 13168
0.9461 0.9612 0.9561 0.9490 0.9795 0.9810 0.9005 0.9416 0.9379 11992
0.9366 0.9612 0.9566 0.9397 0.9780 0.9793 0.8838 0.9400 0.9366 11408
0.9311 0.9628 0.9551 0.9344 0.9739 0.9757 0.8746 0.9377 0.9318 11680
0.9234 0.9547 0.9476 0.9265 0.9689 0.9701 0.8602 0.9251 0.9192 10544
0.9149 0.9550 0.9473 0.9181 0.9680 0.9688 0.8467 0.9246 0.9178 10008
0.8995 0.9518 0.9378 0.9032 0.9575 0.9596 0.8211 0.9113 0.8999 9952
0.8892 0.9518 0.9395 0.8938 0.9502 0.9540 0.8050 0.9044 0.8964 9048
0.8785 0.9476 0.9321 0.8830 0.9375 0.9425 0.7873 0.8887 0.8785 9336
0.8669 0.9470 0.9330 0.8715 0.9409 0.9415 0.7699 0.8913 0.8784 8960
0.8532 0.9419 0.9283 0.8570 0.9365 0.9399 0.7485 0.8820 0.8723 7512];
bridge_qcif_avg_stvssimrdo=[0.9181 0.8502 0.8728 0.9201 0.9673 0.9680 0.8531 0.8229 0.8453 16512
0.9110 0.8471 0.8688 0.9125 0.9627 0.9632 0.8400 0.8159 0.8372 11920
0.9042 0.8468 0.8689 0.9053 0.9603 0.9608 0.8277 0.8135 0.8351 13184
0.8966 0.8452 0.8658 0.8974 0.9576 0.9583 0.8145 0.8097 0.8301 8880
0.8897 0.8421 0.8654 0.8900 0.9529 0.9534 0.8021 0.8027 0.8255 7048
0.8812 0.8371 0.8637 0.8806 0.9462 0.9465 0.7870 0.7924 0.8180 6640
0.8702 0.8381 0.8638 0.8692 0.9389 0.9396 0.7688 0.7873 0.8122 6008
0.8578 0.8374 0.8571 0.8569 0.9344 0.9359 0.7492 0.7829 0.8025 5984
0.8507 0.8371 0.8554 0.8497 0.9279 0.9292 0.7383 0.7771 0.7952 5288
0.8375 0.8371 0.8556 0.8358 0.9227 0.9233 0.7172 0.7727 0.7903 5104
0.8153 0.8344 0.8537 0.8141 0.9107 0.9115 0.6848 0.7602 0.7788 5760
0.8028 0.8357 0.8531 0.8021 0.9015 0.9026 0.6676 0.7536 0.7705 4992
0.7914 0.8343 0.8522 0.7906 0.8989 0.9005 0.6507 0.7505 0.7681 5024
0.7658 0.8344 0.8535 0.7670 0.8804 0.8794 0.6176 0.7354 0.7511 4928
0.7470 0.8366 0.8511 0.7462 0.8764 0.8753 0.5910 0.7337 0.7452 4864];
bus_qcif_avg_stvssimrdo=[0.9387 0.9819 0.9855 0.9653 0.9821 0.9827 0.9088 0.9644 0.9685 389712
0.9359 0.9812 0.9828 0.9647 0.9825 0.9830 0.9051 0.9641 0.9662 354480
0.9311 0.9815 0.9835 0.9639 0.9818 0.9824 0.9001 0.9637 0.9662 323712
0.9229 0.9805 0.9811 0.9585 0.9766 0.9773 0.8873 0.9577 0.9588 295584
0.9163 0.9786 0.9805 0.9566 0.9805 0.9811 0.8790 0.9595 0.9620 260296
0.8958 0.9743 0.9765 0.9433 0.9768 0.9776 0.8523 0.9519 0.9547 231232
0.8846 0.9739 0.9747 0.9367 0.9747 0.9756 0.8347 0.9495 0.9509 206568
0.8657 0.9703 0.9704 0.9223 0.9666 0.9677 0.8071 0.9382 0.9391 180904
0.8497 0.9679 0.9673 0.9111 0.9660 0.9671 0.7845 0.9352 0.9356 157160
0.8270 0.9637 0.9674 0.8927 0.9583 0.9598 0.7531 0.9241 0.9286 141800
0.8159 0.9600 0.9642 0.8886 0.9651 0.9664 0.7363 0.9270 0.9319 126560
0.7971 0.9637 0.9642 0.8742 0.9578 0.9594 0.7099 0.9235 0.9252 111632
0.7769 0.9535 0.9631 0.8578 0.9565 0.9583 0.6825 0.9130 0.9231 99920
0.7412 0.9528 0.9622 0.8236 0.9354 0.9377 0.6335 0.8927 0.9025 85792
0.7116 0.9503 0.9628 0.7954 0.9087 0.9115 0.5909 0.8651 0.8778 76360];
carphone_qcif_avg_stvssimrdo=[0.9419 0.9468 0.9556 0.9424 0.9710 0.9728 0.8915 0.9192 0.9296 71264
0.9415 0.9444 0.9492 0.9420 0.9690 0.9705 0.8902 0.9150 0.9211 62864
0.9397 0.9442 0.9489 0.9401 0.9683 0.9700 0.8863 0.9142 0.9203 57248
0.9359 0.9403 0.9470 0.9353 0.9649 0.9664 0.8785 0.9072 0.9150 49680
0.9312 0.9378 0.9424 0.9320 0.9639 0.9654 0.8710 0.9038 0.9096 46464
0.9220 0.9296 0.9331 0.9235 0.9610 0.9626 0.8573 0.8932 0.8981 40672
0.9168 0.9285 0.9340 0.9184 0.9567 0.9584 0.8484 0.8882 0.8950 37576
0.9150 0.9287 0.9329 0.9148 0.9560 0.9579 0.8425 0.8876 0.8934 34616
0.9045 0.9193 0.9278 0.9038 0.9476 0.9495 0.8253 0.8707 0.8808 32184
0.9030 0.9203 0.9278 0.9027 0.9481 0.9505 0.8215 0.8722 0.8818 29936
0.8880 0.9180 0.9264 0.8877 0.9403 0.9422 0.7981 0.8628 0.8726 25976
0.8795 0.9144 0.9236 0.8782 0.9335 0.9355 0.7840 0.8534 0.8640 23032
0.8678 0.9124 0.9093 0.8676 0.9320 0.9339 0.7662 0.8500 0.8493 22656
0.8584 0.9118 0.9097 0.8561 0.9213 0.9230 0.7502 0.8397 0.8404 20528
0.8468 0.9081 0.9049 0.8447 0.9144 0.9163 0.7326 0.8307 0.8299 18544];
coastguard_qcif_avg_stvssimrdo=[0.8167 0.9726 0.9765 0.8390 0.9072 0.9088 0.6997 0.8810 0.8862 154064
0.8013 0.9689 0.9767 0.8260 0.9058 0.9076 0.6771 0.8763 0.8854 127680
0.7910 0.9691 0.9769 0.8144 0.8992 0.9012 0.6614 0.8700 0.8792 105000
0.7788 0.9668 0.9745 0.8021 0.8951 0.8977 0.6412 0.8639 0.8736 90168
0.7687 0.9653 0.9730 0.7905 0.8911 0.8936 0.6251 0.8584 0.8680 74648
0.7486 0.9641 0.9722 0.7721 0.8850 0.8884 0.5972 0.8520 0.8624 62456
0.7271 0.9642 0.9715 0.7482 0.8556 0.8593 0.5654 0.8230 0.8331 52632
0.7080 0.9627 0.9731 0.7289 0.8478 0.8520 0.5405 0.8146 0.8280 43656
0.6956 0.9626 0.9713 0.7120 0.8332 0.8374 0.5190 0.8001 0.8120 40368
0.6727 0.9615 0.9687 0.6923 0.7945 0.7991 0.4944 0.7608 0.7718 32928
0.6546 0.9601 0.9692 0.6716 0.7875 0.7933 0.4699 0.7539 0.7675 27616
0.6251 0.9601 0.9691 0.6401 0.7604 0.7668 0.4315 0.7275 0.7415 21928
0.6079 0.9588 0.9667 0.6179 0.7589 0.7651 0.4089 0.7248 0.7382 18864
0.5861 0.9578 0.9668 0.5892 0.7112 0.7185 0.3818 0.6771 0.6920 14896
0.5660 0.9568 0.9667 0.5698 0.7212 0.7279 0.3598 0.6861 0.7014 12512];
container_qcif_avg_stvssimrdo=[0.9235 0.9663 0.9666 0.9296 0.9543 0.9532 0.8653 0.9217 0.9209 13328
0.9241 0.9638 0.9624 0.9288 0.9602 0.9587 0.8644 0.9252 0.9223 12624
0.9226 0.9636 0.9629 0.9274 0.9574 0.9561 0.8622 0.9223 0.9204 11432
0.9178 0.9557 0.9565 0.9229 0.9546 0.9536 0.8543 0.9119 0.9117 10312
0.9148 0.9509 0.9530 0.9197 0.9573 0.9557 0.8482 0.9100 0.9105 9600
0.9112 0.9463 0.9500 0.9164 0.9512 0.9494 0.8424 0.8997 0.9016 9240
0.9072 0.9462 0.9500 0.9120 0.9477 0.9458 0.8354 0.8962 0.8982 9056
0.9029 0.9406 0.9441 0.9069 0.9459 0.9443 0.8269 0.8893 0.8914 8848
0.9005 0.9357 0.9376 0.9047 0.9434 0.9418 0.8227 0.8823 0.8828 8416
0.8949 0.9369 0.9383 0.8990 0.9366 0.9353 0.8136 0.8766 0.8770 8056
0.8850 0.9261 0.9268 0.8902 0.9192 0.9179 0.7988 0.8505 0.8500 7760
0.8829 0.9259 0.9256 0.8871 0.9197 0.9184 0.7937 0.8504 0.8495 7264
0.8699 0.9243 0.9236 0.8748 0.9115 0.9101 0.7746 0.8411 0.8400 7640
0.8608 0.9225 0.9211 0.8655 0.8918 0.8912 0.7598 0.8207 0.8197 6864
0.8505 0.9222 0.9252 0.8538 0.8887 0.8881 0.7441 0.8175 0.8203 7144];
football_qcif_avg_stvssimrdo=[0.9186 0.9487 0.9390 0.9621 0.9622 0.9719 0.8850 0.9127 0.9125 1081520
0.9056 0.9425 0.9314 0.9540 0.9572 0.9681 0.8656 0.9020 0.9016 959248
0.8939 0.9416 0.9314 0.9484 0.9498 0.9624 0.8498 0.8941 0.8962 871656
0.8806 0.9347 0.9252 0.9401 0.9415 0.9559 0.8301 0.8798 0.8841 791024
0.8650 0.9281 0.9198 0.9326 0.9301 0.9472 0.8097 0.8630 0.8711 687832
0.8510 0.9179 0.9100 0.9196 0.9171 0.9372 0.7870 0.8414 0.8526 615696
0.8359 0.9181 0.9102 0.9114 0.9099 0.9314 0.7667 0.8348 0.8475 551984
0.8213 0.9097 0.9026 0.9007 0.9050 0.9285 0.7453 0.8229 0.8378 483760
0.8027 0.8983 0.8967 0.8871 0.8906 0.9167 0.7181 0.7997 0.8221 418320
0.7899 0.9005 0.8956 0.8793 0.8787 0.9071 0.7003 0.7908 0.8121 380744
0.7660 0.8856 0.8887 0.8579 0.8649 0.8953 0.6641 0.7651 0.7952 315736
0.7485 0.8861 0.8892 0.8448 0.8458 0.8780 0.6389 0.7489 0.7808 279776
0.7292 0.8748 0.8796 0.8246 0.8357 0.8703 0.6092 0.7302 0.7654 241712
0.7045 0.8741 0.8788 0.8002 0.8215 0.8585 0.5728 0.7177 0.7544 204592
0.6875 0.8632 0.8746 0.7864 0.8019 0.8433 0.5491 0.6916 0.7373 175232];
