akiyo_qcif_avg_stvssimrdo=[];
bridge_qcif_avg_stvssimrdo=[];
bus_qcif_avg_stvssimrdo=[];
carphone_qcif_avg_stvssimrdo=[];
coastguard_qcif_avg_stvssimrdo=[0.6751 0.9708 0.9758 0.7183 0.8266 0.8292 0.5340 0.8005 0.8074 59896
0.6863 0.9685 0.9749 0.7268 0.8347 0.8370 0.5419 0.8061 0.8143 59440
0.6845 0.9687 0.9756 0.7231 0.8390 0.8416 0.5359 0.8107 0.8194 53392
0.6825 0.9666 0.9756 0.7209 0.8300 0.8332 0.5301 0.7999 0.8110 45984
0.6871 0.9654 0.9735 0.7208 0.8299 0.8333 0.5305 0.7990 0.8097 43504
0.6758 0.9631 0.9704 0.7108 0.8237 0.8275 0.5153 0.7912 0.8011 36720
0.6634 0.9644 0.9712 0.6949 0.8169 0.8213 0.4950 0.7858 0.7957 32888
0.6363 0.9623 0.9682 0.6619 0.7500 0.7548 0.4596 0.7182 0.7278 23736
0.6293 0.9621 0.9682 0.6532 0.7397 0.7445 0.4485 0.7076 0.7175 21048
0.6189 0.9617 0.9675 0.6379 0.7232 0.7282 0.4321 0.6911 0.7011 19216
0.6108 0.9599 0.9675 0.6271 0.7327 0.7388 0.4196 0.6999 0.7121 18616
0.5844 0.9593 0.9670 0.5989 0.7098 0.7172 0.3873 0.6779 0.6911 13848
0.5721 0.9556 0.9659 0.5814 0.6971 0.7038 0.3702 0.6611 0.6765 11608
0.5565 0.9560 0.9660 0.5630 0.6683 0.6760 0.3528 0.6331 0.6493 10768
0.5445 0.9544 0.9633 0.5474 0.6578 0.6668 0.3369 0.6224 0.6394 9128];
container_qcif_avg_stvssimrdo=[];
football_qcif_avg_stvssimrdo=[0.8760 0.9411 0.9337 0.9139 0.9440 0.9547 0.8064 0.8883 0.8914 937768
0.8613 0.9350 0.9277 0.9046 0.9296 0.9419 0.7861 0.8694 0.8740 823624
0.8440 0.9317 0.9257 0.8907 0.9191 0.9344 0.7605 0.8560 0.8649 732912
0.8160 0.9209 0.9170 0.8604 0.8985 0.9163 0.7142 0.8277 0.8404 640328
0.8024 0.9147 0.9128 0.8555 0.8820 0.9021 0.6983 0.8067 0.8235 560832
0.7686 0.9012 0.9025 0.8161 0.8518 0.8757 0.6425 0.7681 0.7908 464496
0.7543 0.8987 0.9006 0.8111 0.8563 0.8815 0.6259 0.7694 0.7938 414416
0.7389 0.8923 0.8967 0.7960 0.8434 0.8710 0.6030 0.7527 0.7812 354216
0.7108 0.8788 0.8880 0.7631 0.8346 0.8643 0.5605 0.7338 0.7677 296688
0.6840 0.8723 0.8848 0.7264 0.7885 0.8220 0.5178 0.6888 0.7278 247408
0.6738 0.8616 0.8795 0.7210 0.7831 0.8185 0.5048 0.6758 0.7208 216688
0.6553 0.8536 0.8749 0.6942 0.7624 0.7993 0.4755 0.6535 0.7010 185560
0.6320 0.8437 0.8705 0.6673 0.7683 0.8064 0.4413 0.6494 0.7027 154496
0.6130 0.8362 0.8676 0.6407 0.7167 0.7596 0.4124 0.6012 0.6605 131336
0.5983 0.8270 0.8614 0.6210 0.6996 0.7479 0.3905 0.5801 0.6453 112776];
foreman_qcif_avg_stvssimrdo=[0.9280 0.9249 0.9582 0.9460 0.9796 0.9793 0.8800 0.9061 0.9385 90784
0.9257 0.9211 0.9549 0.9444 0.9765 0.9759 0.8765 0.8995 0.9322 78488
0.9224 0.9209 0.9548 0.9405 0.9773 0.9768 0.8700 0.8999 0.9329 70392
0.9187 0.9175 0.9524 0.9379 0.9755 0.9752 0.8642 0.8949 0.9290 64928
0.9051 0.9117 0.9471 0.9256 0.9691 0.9690 0.8441 0.8834 0.9181 56752
0.9044 0.9063 0.9428 0.9251 0.9669 0.9669 0.8407 0.8763 0.9119 52168
0.8986 0.9084 0.9457 0.9198 0.9645 0.9644 0.8306 0.8761 0.9123 50296
0.8910 0.9053 0.9426 0.9123 0.9594 0.9598 0.8177 0.8686 0.9052 46904
0.8832 0.9000 0.9394 0.9064 0.9571 0.9571 0.8058 0.8612 0.8995 42432
0.8760 0.8990 0.9371 0.8998 0.9545 0.9544 0.7942 0.8581 0.8949 40768
0.8666 0.8928 0.9333 0.8907 0.9484 0.9489 0.7780 0.8469 0.8863 38680
0.8466 0.8947 0.9315 0.8705 0.9411 0.9416 0.7465 0.8425 0.8780 35952
0.8360 0.8878 0.9287 0.8629 0.9340 0.9341 0.7307 0.8295 0.8686 33912
0.8121 0.8872 0.9266 0.8382 0.9175 0.9190 0.6929 0.8146 0.8530 32184
0.7995 0.8818 0.9227 0.8240 0.9116 0.9131 0.6725 0.8047 0.8440 29688];
grandma_qcif_avg_stvssimrdo=[];
hall_qcif_avg_stvssimrdo=[];
harbour_qcif_avg_stvssimrdo=[];
highway_qcif_avg_stvssimrdo=[];
ice_qcif_avg_stvssimrdo=[0.9444 0.9709 0.9765 0.9562 0.9709 0.9706 0.9074 0.9424 0.9476 230416
0.9431 0.9676 0.9750 0.9556 0.9707 0.9705 0.9056 0.9390 0.9460 210720
0.9402 0.9675 0.9750 0.9545 0.9668 0.9666 0.9022 0.9351 0.9423 191976
0.9305 0.9657 0.9732 0.9423 0.9551 0.9548 0.8834 0.9217 0.9287 171304
0.9282 0.9626 0.9712 0.9430 0.9569 0.9566 0.8827 0.9205 0.9286 153728
0.9287 0.9597 0.9688 0.9438 0.9604 0.9601 0.8823 0.9212 0.9298 141400
0.9194 0.9584 0.9688 0.9391 0.9474 0.9472 0.8709 0.9072 0.9172 129544
0.9097 0.9554 0.9670 0.9259 0.9357 0.9353 0.8527 0.8932 0.9039 114176
0.8979 0.9519 0.9629 0.9126 0.9251 0.9244 0.8319 0.8798 0.8897 99736
0.8917 0.9506 0.9637 0.9114 0.9388 0.9384 0.8274 0.8918 0.9041 90264
0.8833 0.9458 0.9607 0.8981 0.9045 0.9036 0.8111 0.8544 0.8677 79728
0.8645 0.9485 0.9602 0.8834 0.8937 0.8930 0.7869 0.8462 0.8565 73304
0.8636 0.9391 0.9590 0.8803 0.8969 0.8964 0.7817 0.8407 0.8588 65296
0.8426 0.9377 0.9563 0.8536 0.8669 0.8655 0.7512 0.8120 0.8275 55672
0.8443 0.9368 0.9566 0.8552 0.8769 0.8763 0.7481 0.8203 0.8378 51784];
mobile_qcif_avg_stvssimrdo=[0.8793 0.9209 0.9223 0.9005 0.9205 0.9207 0.8023 0.8480 0.8503 270784
0.8706 0.9107 0.9136 0.8950 0.9290 0.9291 0.7930 0.8463 0.8494 220544
0.8591 0.9085 0.9099 0.8853 0.9202 0.9202 0.7796 0.8366 0.8387 191064
0.8596 0.8987 0.9030 0.8856 0.9201 0.9201 0.7758 0.8273 0.8322 166600
0.8598 0.8933 0.8985 0.8871 0.9201 0.9199 0.7779 0.8221 0.8274 142928
0.8567 0.8796 0.8907 0.8849 0.9216 0.9211 0.7734 0.8109 0.8212 126600
0.8432 0.8803 0.8857 0.8743 0.9151 0.9149 0.7530 0.8057 0.8107 107744
0.8340 0.8676 0.8748 0.8635 0.9074 0.9069 0.7397 0.7877 0.7942 92432
0.8206 0.8566 0.8623 0.8525 0.8915 0.8906 0.7190 0.7636 0.7689 79480
0.7993 0.8574 0.8580 0.8352 0.9031 0.9021 0.6943 0.7748 0.7745 68704
0.7816 0.8442 0.8509 0.8157 0.8861 0.8856 0.6630 0.7488 0.7543 62752
0.7698 0.8442 0.8515 0.8048 0.8771 0.8762 0.6440 0.7402 0.7466 57288
0.7423 0.8355 0.8366 0.7765 0.8485 0.8472 0.6031 0.7088 0.7083 50128
0.7127 0.8323 0.8332 0.7460 0.8286 0.8277 0.5638 0.6893 0.6889 44984
0.6730 0.8151 0.8236 0.7088 0.8026 0.8005 0.5145 0.6541 0.6584 39576];
news_qcif_avg_stvssimrdo=[];
salesman_qcif_avg_stvssimrdo=[];
silent_qcif_avg_stvssimrdo=[];
soccer_qcif_avg_stvssimrdo=[0.8620 0.9522 0.9616 0.9112 0.9305 0.9426 0.7899 0.8860 0.9065 292472
0.8542 0.9503 0.9607 0.9046 0.9228 0.9373 0.7771 0.8768 0.9003 263296
0.8428 0.9502 0.9601 0.8991 0.9155 0.9307 0.7632 0.8696 0.8934 235440
0.8297 0.9443 0.9569 0.8891 0.9038 0.9210 0.7436 0.8533 0.8809 213872
0.8204 0.9435 0.9542 0.8813 0.8996 0.9197 0.7298 0.8485 0.8774 187792
0.8093 0.9361 0.9486 0.8707 0.8941 0.9164 0.7123 0.8368 0.8689 167752
0.7985 0.9359 0.9484 0.8647 0.8811 0.9082 0.6973 0.8242 0.8610 153384
0.7842 0.9314 0.9483 0.8504 0.8651 0.8941 0.6773 0.8055 0.8474 135272
0.7734 0.9272 0.9449 0.8399 0.8512 0.8857 0.6601 0.7892 0.8366 118624
0.7623 0.9269 0.9448 0.8277 0.8401 0.8782 0.6424 0.7788 0.8294 110928
0.7485 0.9189 0.9413 0.8148 0.8198 0.8658 0.6216 0.7527 0.8144 94672
0.7369 0.9185 0.9391 0.8097 0.8203 0.8684 0.6081 0.7534 0.8152 87640
0.7169 0.9146 0.9366 0.7835 0.7880 0.8459 0.5761 0.7201 0.7916 73032
0.7063 0.9186 0.9375 0.7737 0.7705 0.8282 0.5606 0.7080 0.7761 64480
0.6873 0.9124 0.9280 0.7521 0.7369 0.8060 0.5324 0.6723 0.7475 58192];
stefan_qcif_avg_stvssimrdo=[0.8950 0.9096 0.9060 0.9127 0.8861 0.8863 0.8294 0.8054 0.8026 296080
0.8882 0.8960 0.8913 0.9091 0.8939 0.8938 0.8233 0.8010 0.7970 257464
0.8746 0.8916 0.8844 0.8985 0.8781 0.8782 0.8068 0.7824 0.7769 223064
0.8476 0.8678 0.8627 0.8760 0.8697 0.8696 0.7779 0.7538 0.7500 185312
0.8448 0.8616 0.8534 0.8723 0.8732 0.8732 0.7703 0.7519 0.7454 159280
0.8349 0.8481 0.8369 0.8615 0.8575 0.8570 0.7557 0.7286 0.7196 134448
0.8320 0.8439 0.8357 0.8609 0.8589 0.8586 0.7490 0.7277 0.7206 125992
0.7855 0.8265 0.8145 0.8215 0.8353 0.8348 0.6979 0.6952 0.6868 98352
0.7839 0.8094 0.8032 0.8180 0.8398 0.8399 0.6911 0.6805 0.6771 89112
0.7707 0.8123 0.8000 0.8040 0.8162 0.8160 0.6705 0.6635 0.6556 79448
0.7494 0.7958 0.7891 0.7828 0.7863 0.7857 0.6362 0.6327 0.6290 65744
0.7401 0.7943 0.7901 0.7773 0.7801 0.7801 0.6217 0.6277 0.6254 61432
0.7107 0.7905 0.7700 0.7463 0.7512 0.7517 0.5818 0.6012 0.5874 50992
0.6957 0.7895 0.7655 0.7288 0.7209 0.7210 0.5532 0.5784 0.5624 45584
0.6511 0.7744 0.7496 0.6860 0.6845 0.6847 0.5017 0.5413 0.5262 37368];
suzie_qcif_avg_stvssimrdo=[];
