akiyo_qcif_avg_stvssimrdo=[0.9722 0.9744 0.9709 0.9717 0.9924 0.9933 0.9452 0.9670 0.9644 43704
0.9681 0.9739 0.9694 0.9677 0.9905 0.9922 0.9376 0.9647 0.9618 38080
0.9656 0.9745 0.9697 0.9651 0.9902 0.9917 0.9329 0.9649 0.9617 33680
0.9611 0.9710 0.9662 0.9607 0.9893 0.9905 0.9246 0.9607 0.9570 31696
0.9556 0.9686 0.9659 0.9555 0.9882 0.9899 0.9149 0.9573 0.9562 28296
0.9522 0.9644 0.9591 0.9518 0.9868 0.9891 0.9087 0.9518 0.9486 26208
0.9436 0.9651 0.9593 0.9435 0.9846 0.9871 0.8933 0.9504 0.9469 24696
0.9389 0.9648 0.9591 0.9380 0.9827 0.9859 0.8843 0.9482 0.9456 22552
0.9312 0.9570 0.9503 0.9316 0.9809 0.9837 0.8726 0.9388 0.9349 20904
0.9242 0.9569 0.9511 0.9255 0.9764 0.9799 0.8610 0.9344 0.9320 19688
0.9144 0.9536 0.9436 0.9148 0.9744 0.9789 0.8441 0.9293 0.9237 19736
0.9057 0.9534 0.9428 0.9077 0.9714 0.9769 0.8305 0.9262 0.9210 17456
0.8903 0.9499 0.9375 0.8935 0.9645 0.9688 0.8063 0.9162 0.9083 19176
0.8832 0.9510 0.9370 0.8850 0.9627 0.9669 0.7947 0.9157 0.9061 16360
0.8753 0.9470 0.9330 0.8775 0.9619 0.9678 0.7828 0.9110 0.9030 15272];
bridge_qcif_avg_stvssimrdo=[0.9319 0.8526 0.8736 0.9273 0.9796 0.9804 0.8692 0.8355 0.8567 62520
0.9263 0.8510 0.8702 0.9216 0.9785 0.9788 0.8590 0.8330 0.8520 58880
0.9186 0.8510 0.8704 0.9131 0.9751 0.9753 0.8449 0.8302 0.8491 48632
0.9107 0.8482 0.8669 0.9040 0.9736 0.9741 0.8311 0.8261 0.8447 35568
0.9010 0.8433 0.8666 0.8948 0.9701 0.9704 0.8150 0.8184 0.8413 28640
0.8907 0.8396 0.8645 0.8839 0.9650 0.9653 0.7964 0.8105 0.8347 21840
0.8845 0.8392 0.8646 0.8778 0.9620 0.9618 0.7860 0.8077 0.8319 18848
0.8705 0.8377 0.8583 0.8635 0.9568 0.9570 0.7636 0.8017 0.8216 15544
0.8642 0.8377 0.8569 0.8573 0.9524 0.9518 0.7536 0.7981 0.8157 14128
0.8546 0.8362 0.8565 0.8470 0.9498 0.9492 0.7384 0.7944 0.8131 13944
0.8366 0.8360 0.8555 0.8307 0.9451 0.9459 0.7119 0.7902 0.8093 10680
0.8153 0.8352 0.8560 0.8109 0.9380 0.9383 0.6819 0.7837 0.8034 11152
0.8034 0.8361 0.8529 0.7986 0.9324 0.9316 0.6650 0.7803 0.7950 8880
0.7854 0.8359 0.8525 0.7821 0.9210 0.9200 0.6424 0.7704 0.7846 9408
0.7692 0.8368 0.8513 0.7686 0.9193 0.9178 0.6212 0.7696 0.7817 8048];
carphone_qcif_avg_stvssimrdo=[0.9657 0.9521 0.9582 0.9655 0.9828 0.9844 0.9331 0.9356 0.9432 185624
0.9618 0.9486 0.9533 0.9617 0.9803 0.9823 0.9260 0.9298 0.9364 160456
0.9581 0.9477 0.9526 0.9581 0.9776 0.9792 0.9191 0.9264 0.9327 142448
0.9556 0.9461 0.9498 0.9554 0.9766 0.9783 0.9143 0.9240 0.9291 131680
0.9498 0.9431 0.9458 0.9497 0.9731 0.9742 0.9037 0.9177 0.9213 114016
0.9459 0.9350 0.9398 0.9454 0.9689 0.9713 0.8963 0.9058 0.9127 103544
0.9390 0.9349 0.9402 0.9385 0.9669 0.9689 0.8838 0.9038 0.9108 92168
0.9334 0.9330 0.9361 0.9330 0.9638 0.9639 0.8742 0.8990 0.9022 82992
0.9290 0.9293 0.9346 0.9289 0.9585 0.9605 0.8665 0.8903 0.8973 78968
0.9217 0.9284 0.9313 0.9212 0.9562 0.9586 0.8534 0.8874 0.8925 71480
0.9122 0.9262 0.9329 0.9116 0.9484 0.9480 0.8367 0.8781 0.8842 63480
0.9071 0.9241 0.9308 0.9064 0.9486 0.9493 0.8287 0.8763 0.8835 57816
0.8977 0.9218 0.9164 0.8966 0.9392 0.9373 0.8124 0.8652 0.8587 54968
0.8933 0.9206 0.9217 0.8913 0.9369 0.9390 0.8043 0.8620 0.8654 50232
0.8830 0.9155 0.9139 0.8808 0.9342 0.9323 0.7882 0.8550 0.8519 48032];
coastguard_qcif_avg_stvssimrdo=[0.9176 0.9682 0.9754 0.9213 0.9779 0.9792 0.8479 0.9466 0.9550 518664
0.9068 0.9636 0.9744 0.9110 0.9740 0.9756 0.8293 0.9384 0.9505 438448
0.8934 0.9635 0.9745 0.8979 0.9711 0.9728 0.8063 0.9354 0.9478 376248
0.8816 0.9610 0.9734 0.8863 0.9677 0.9697 0.7864 0.9296 0.9436 323992
0.8655 0.9604 0.9712 0.8703 0.9636 0.9658 0.7599 0.9251 0.9377 276040
0.8515 0.9575 0.9690 0.8565 0.9602 0.9627 0.7373 0.9190 0.9325 236320
0.8355 0.9577 0.9677 0.8405 0.9548 0.9577 0.7119 0.9140 0.9263 203440
0.8197 0.9568 0.9697 0.8248 0.9491 0.9525 0.6875 0.9077 0.9233 170904
0.8050 0.9553 0.9656 0.8103 0.9415 0.9450 0.6653 0.8988 0.9119 149040
0.7910 0.9544 0.9659 0.7956 0.9373 0.9411 0.6438 0.8938 0.9085 131992
0.7643 0.9494 0.9657 0.7695 0.9275 0.9321 0.6057 0.8801 0.8995 111040
0.7512 0.9501 0.9648 0.7563 0.9218 0.9268 0.5871 0.8752 0.8935 96880
0.7347 0.9504 0.9623 0.7394 0.9089 0.9139 0.5637 0.8627 0.8785 87704
0.7111 0.9510 0.9640 0.7146 0.9002 0.9062 0.5320 0.8551 0.8726 76760
0.6920 0.9510 0.9621 0.6946 0.8911 0.8975 0.5059 0.8464 0.8625 65808];
container_qcif_avg_stvssimrdo=[0.9393 0.9665 0.9663 0.9383 0.9782 0.9763 0.8846 0.9453 0.9433 46968
0.9357 0.9625 0.9638 0.9347 0.9759 0.9743 0.8782 0.9393 0.9389 39016
0.9329 0.9629 0.9631 0.9319 0.9745 0.9724 0.8732 0.9383 0.9365 33808
0.9287 0.9551 0.9579 0.9280 0.9718 0.9702 0.8661 0.9281 0.9294 30848
0.9250 0.9521 0.9570 0.9238 0.9705 0.9687 0.8590 0.9238 0.9270 26968
0.9210 0.9464 0.9498 0.9193 0.9671 0.9648 0.8517 0.9151 0.9163 24592
0.9170 0.9469 0.9494 0.9156 0.9626 0.9606 0.8448 0.9112 0.9118 22064
0.9104 0.9420 0.9467 0.9094 0.9587 0.9574 0.8342 0.9027 0.9062 19336
0.9053 0.9376 0.9420 0.9035 0.9530 0.9509 0.8247 0.8928 0.8956 18816
0.9004 0.9363 0.9408 0.8990 0.9499 0.9475 0.8172 0.8888 0.8913 16880
0.8920 0.9315 0.9265 0.8914 0.9374 0.9357 0.8048 0.8727 0.8670 16856
0.8862 0.9320 0.9295 0.8861 0.9380 0.9370 0.7956 0.8732 0.8707 16136
0.8773 0.9276 0.9284 0.8775 0.9277 0.9274 0.7823 0.8592 0.8609 14256
0.8665 0.9267 0.9292 0.8668 0.9149 0.9135 0.7658 0.8459 0.8486 13456
0.8549 0.9225 0.9238 0.8553 0.9076 0.9073 0.7484 0.8357 0.8375 13320];
football_qcif_avg_stvssimrdo=[0.9257 0.9544 0.9487 0.9591 0.9613 0.9837 0.8892 0.9174 0.9332 1194520
0.9175 0.9485 0.9416 0.9538 0.9563 0.9814 0.8767 0.9070 0.9241 1078480
0.9053 0.9486 0.9429 0.9465 0.9500 0.9784 0.8590 0.9011 0.9226 988552
0.8952 0.9419 0.9377 0.9403 0.9444 0.9761 0.8443 0.8894 0.9154 910232
0.8816 0.9363 0.9329 0.9311 0.9354 0.9718 0.8239 0.8757 0.9066 809648
0.8702 0.9271 0.9242 0.9234 0.9285 0.9686 0.8072 0.8607 0.8953 727136
0.8579 0.9267 0.9245 0.9147 0.9202 0.9647 0.7888 0.8526 0.8919 667264
0.8438 0.9223 0.9202 0.9039 0.9129 0.9607 0.7676 0.8420 0.8842 592544
0.8323 0.9140 0.9152 0.8947 0.9026 0.9559 0.7500 0.8248 0.8750 533536
0.8191 0.9111 0.9126 0.8853 0.8945 0.9517 0.7309 0.8147 0.8687 487256
0.8022 0.9015 0.9072 0.8702 0.8796 0.9438 0.7048 0.7927 0.8565 425400
0.7897 0.9005 0.9060 0.8603 0.8721 0.9391 0.6863 0.7851 0.8510 391016
0.7748 0.8949 0.9023 0.8464 0.8610 0.9323 0.6632 0.7705 0.8416 343896
0.7564 0.8925 0.9031 0.8297 0.8470 0.9253 0.6353 0.7558 0.8359 305072
0.7395 0.8853 0.8989 0.8132 0.8279 0.9156 0.6098 0.7326 0.8234 273512];
foreman_qcif_avg_stvssimrdo=[0.9547 0.9317 0.9646 0.9586 0.9895 0.9908 0.9166 0.9218 0.9558 229072
0.9500 0.9285 0.9619 0.9542 0.9881 0.9895 0.9082 0.9174 0.9519 196280
0.9463 0.9289 0.9620 0.9510 0.9876 0.9889 0.9017 0.9173 0.9514 177208
0.9413 0.9242 0.9594 0.9464 0.9852 0.9868 0.8930 0.9104 0.9468 160152
0.9356 0.9205 0.9562 0.9413 0.9838 0.9857 0.8832 0.9056 0.9426 142400
0.9319 0.9152 0.9508 0.9378 0.9817 0.9840 0.8766 0.8985 0.9357 127584
0.9260 0.9145 0.9515 0.9325 0.9806 0.9829 0.8666 0.8967 0.9355 118960
0.9191 0.9119 0.9499 0.9264 0.9771 0.9798 0.8549 0.8911 0.9310 108760
0.9134 0.9079 0.9467 0.9207 0.9743 0.9776 0.8449 0.8845 0.9257 98496
0.9068 0.9076 0.9477 0.9145 0.9711 0.9754 0.8338 0.8812 0.9245 92560
0.8984 0.9044 0.9414 0.9068 0.9691 0.9735 0.8199 0.8765 0.9168 85576
0.8944 0.9029 0.9403 0.9030 0.9667 0.9717 0.8133 0.8729 0.9140 81360
0.8819 0.8985 0.9386 0.8905 0.9588 0.9653 0.7928 0.8617 0.9067 75648
0.8731 0.8949 0.9380 0.8820 0.9598 0.9649 0.7787 0.8590 0.9056 73800
0.8631 0.8932 0.9324 0.8714 0.9541 0.9602 0.7618 0.8525 0.8960 67936];
