akiyo_qcif_avg_stvssimrdo=[0.9677 0.9743 0.9697 0.9700 0.9874 0.9875 0.9395 0.9620 0.9575 19144
0.9643 0.9737 0.9677 0.9668 0.9868 0.9870 0.9335 0.9608 0.9550 17920
0.9608 0.9735 0.9677 0.9636 0.9857 0.9859 0.9272 0.9596 0.9541 16152
0.9568 0.9707 0.9662 0.9594 0.9831 0.9839 0.9196 0.9544 0.9506 14968
0.9503 0.9668 0.9631 0.9529 0.9815 0.9828 0.9077 0.9489 0.9465 14104
0.9478 0.9619 0.9557 0.9500 0.9808 0.9822 0.9028 0.9435 0.9386 12744
0.9398 0.9619 0.9569 0.9421 0.9786 0.9797 0.8886 0.9414 0.9373 12176
0.9354 0.9633 0.9569 0.9381 0.9749 0.9764 0.8812 0.9391 0.9341 12368
0.9253 0.9557 0.9475 0.9282 0.9699 0.9716 0.8637 0.9270 0.9206 11304
0.9189 0.9569 0.9469 0.9213 0.9703 0.9712 0.8529 0.9285 0.9196 10792
0.9058 0.9528 0.9399 0.9086 0.9647 0.9657 0.8310 0.9191 0.9074 10880
0.8934 0.9520 0.9394 0.8972 0.9532 0.9570 0.8106 0.9075 0.8990 10904
0.8857 0.9474 0.9337 0.8890 0.9529 0.9535 0.7987 0.9027 0.8903 9800
0.8703 0.9470 0.9333 0.8741 0.9387 0.9394 0.7753 0.8891 0.8767 8480
0.8613 0.9423 0.9263 0.8654 0.9397 0.9427 0.7614 0.8853 0.8731 7912];
bridge_qcif_avg_stvssimrdo=[0.9191 0.8508 0.8732 0.9206 0.9695 0.9702 0.8542 0.8252 0.8475 19048
0.9140 0.8483 0.8692 0.9149 0.9667 0.9672 0.8444 0.8205 0.8411 13400
0.9076 0.8479 0.8687 0.9083 0.9628 0.9635 0.8330 0.8169 0.8374 13336
0.9002 0.8443 0.8668 0.9006 0.9613 0.9620 0.8199 0.8120 0.8343 9800
0.8901 0.8409 0.8648 0.8905 0.9548 0.9556 0.8028 0.8033 0.8269 8248
0.8841 0.8374 0.8639 0.8833 0.9495 0.9502 0.7912 0.7955 0.8214 6944
0.8717 0.8373 0.8635 0.8711 0.9403 0.9406 0.7715 0.7878 0.8130 6544
0.8570 0.8366 0.8573 0.8558 0.9332 0.9341 0.7480 0.7812 0.8011 6208
0.8477 0.8370 0.8562 0.8470 0.9279 0.9280 0.7335 0.7770 0.7949 6064
0.8367 0.8370 0.8561 0.8353 0.9233 0.9236 0.7165 0.7732 0.7911 5304
0.8200 0.8343 0.8540 0.8182 0.9154 0.9161 0.6918 0.7640 0.7828 6248
0.8073 0.8348 0.8532 0.8061 0.9048 0.9063 0.6735 0.7556 0.7736 5184
0.7841 0.8343 0.8531 0.7824 0.8973 0.8986 0.6403 0.7491 0.7672 5200
0.7685 0.8341 0.8520 0.7690 0.8813 0.8806 0.6209 0.7355 0.7508 5056
0.7530 0.8369 0.8515 0.7523 0.8770 0.8763 0.6001 0.7346 0.7465 5192];
bus_qcif_avg_stvssimrdo=[0.9517 0.9834 0.9859 0.9748 0.9864 0.9869 0.9290 0.9701 0.9730 414632
0.9489 0.9826 0.9853 0.9731 0.9850 0.9855 0.9245 0.9680 0.9710 376416
0.9418 0.9821 0.9840 0.9702 0.9839 0.9844 0.9153 0.9663 0.9687 337280
0.9389 0.9817 0.9836 0.9695 0.9847 0.9853 0.9116 0.9667 0.9692 313800
0.9294 0.9802 0.9824 0.9660 0.9827 0.9834 0.8993 0.9634 0.9661 277880
0.9205 0.9769 0.9773 0.9599 0.9818 0.9825 0.8851 0.9593 0.9603 254352
0.9065 0.9762 0.9767 0.9508 0.9771 0.9779 0.8639 0.9539 0.9552 225824
0.8919 0.9718 0.9729 0.9421 0.9753 0.9763 0.8421 0.9480 0.9500 200336
0.8785 0.9686 0.9694 0.9328 0.9733 0.9743 0.8218 0.9430 0.9446 175576
0.8664 0.9677 0.9694 0.9250 0.9734 0.9745 0.8038 0.9423 0.9448 163448
0.8479 0.9657 0.9645 0.9109 0.9676 0.9688 0.7755 0.9348 0.9345 139632
0.8339 0.9619 0.9673 0.9017 0.9636 0.9649 0.7557 0.9275 0.9335 129448
0.8108 0.9554 0.9653 0.8815 0.9590 0.9606 0.7210 0.9173 0.9274 112632
0.7857 0.9587 0.9637 0.8666 0.9553 0.9571 0.6892 0.9164 0.9225 99480
0.7574 0.9524 0.9641 0.8420 0.9453 0.9476 0.6484 0.9014 0.9138 89128];
carphone_qcif_avg_stvssimrdo=[0.9536 0.9491 0.9557 0.9539 0.9741 0.9757 0.9111 0.9244 0.9324 82560
0.9493 0.9445 0.9506 0.9489 0.9713 0.9731 0.9025 0.9173 0.9249 72064
0.9466 0.9443 0.9496 0.9459 0.9703 0.9721 0.8972 0.9161 0.9230 64232
0.9422 0.9417 0.9463 0.9415 0.9670 0.9684 0.8893 0.9105 0.9163 57504
0.9372 0.9395 0.9454 0.9366 0.9648 0.9660 0.8803 0.9063 0.9131 52192
0.9322 0.9300 0.9339 0.9316 0.9621 0.9633 0.8715 0.8946 0.8995 46472
0.9271 0.9288 0.9348 0.9262 0.9586 0.9604 0.8620 0.8902 0.8978 43848
0.9203 0.9271 0.9339 0.9193 0.9556 0.9572 0.8503 0.8858 0.8938 38688
0.9137 0.9205 0.9289 0.9131 0.9510 0.9528 0.8387 0.8750 0.8848 36024
0.9104 0.9208 0.9291 0.9093 0.9492 0.9516 0.8329 0.8737 0.8840 33832
0.8964 0.9198 0.9286 0.8965 0.9425 0.9442 0.8105 0.8665 0.8766 29072
0.8882 0.9165 0.9243 0.8873 0.9375 0.9391 0.7970 0.8589 0.8679 27032
0.8816 0.9163 0.9116 0.8794 0.9327 0.9353 0.7844 0.8544 0.8527 25216
0.8675 0.9122 0.9139 0.8643 0.9196 0.9214 0.7619 0.8386 0.8426 23952
0.8512 0.9095 0.9096 0.8465 0.9172 0.9183 0.7360 0.8342 0.8355 20544];
coastguard_qcif_avg_stvssimrdo=[0.8563 0.9727 0.9777 0.8707 0.9412 0.9427 0.7524 0.9149 0.9211 201272
0.8441 0.9693 0.9772 0.8585 0.9249 0.9265 0.7322 0.8954 0.9045 164936
0.8306 0.9686 0.9770 0.8479 0.9315 0.9333 0.7120 0.9014 0.9112 137736
0.8204 0.9670 0.9764 0.8354 0.9271 0.9295 0.6937 0.8958 0.9070 122280
0.7951 0.9654 0.9744 0.8129 0.9125 0.9152 0.6582 0.8798 0.8908 96048
0.7843 0.9645 0.9718 0.8005 0.9098 0.9124 0.6409 0.8763 0.8857 82224
0.7643 0.9645 0.9725 0.7811 0.8976 0.9006 0.6120 0.8644 0.8748 70824
0.7424 0.9623 0.9731 0.7588 0.8903 0.8939 0.5816 0.8554 0.8689 55248
0.7291 0.9621 0.9712 0.7428 0.8761 0.8797 0.5607 0.8413 0.8531 50824
0.7067 0.9623 0.9695 0.7206 0.8460 0.8502 0.5320 0.8119 0.8226 41168
0.6779 0.9607 0.9699 0.6928 0.8282 0.8335 0.4955 0.7942 0.8073 35088
0.6534 0.9601 0.9700 0.6655 0.8099 0.8160 0.4631 0.7763 0.7905 28032
0.6255 0.9585 0.9676 0.6351 0.7722 0.7778 0.4283 0.7372 0.7506 21992
0.5996 0.9581 0.9680 0.6084 0.7474 0.7548 0.3994 0.7132 0.7290 18240
0.5831 0.9598 0.9673 0.5878 0.7433 0.7494 0.3796 0.7101 0.7225 15560];
container_qcif_avg_stvssimrdo=[0.9287 0.9673 0.9657 0.9334 0.9649 0.9635 0.8719 0.9332 0.9302 16328
0.9281 0.9617 0.9630 0.9316 0.9671 0.9657 0.8694 0.9299 0.9298 14472
0.9258 0.9637 0.9633 0.9297 0.9659 0.9642 0.8661 0.9307 0.9286 12392
0.9207 0.9556 0.9568 0.9251 0.9624 0.9610 0.8579 0.9194 0.9192 11264
0.9189 0.9523 0.9531 0.9226 0.9623 0.9607 0.8538 0.9163 0.9155 10664
0.9148 0.9465 0.9498 0.9188 0.9555 0.9541 0.8473 0.9041 0.9059 9904
0.9114 0.9466 0.9501 0.9156 0.9521 0.9502 0.8413 0.9010 0.9027 9856
0.9056 0.9416 0.9438 0.9092 0.9488 0.9473 0.8307 0.8931 0.8941 9232
0.9042 0.9370 0.9385 0.9074 0.9468 0.9449 0.8273 0.8866 0.8865 9296
0.8958 0.9365 0.9383 0.8996 0.9390 0.9375 0.8144 0.8786 0.8793 8696
0.8882 0.9265 0.9279 0.8920 0.9303 0.9288 0.8020 0.8615 0.8618 8208
0.8853 0.9264 0.9267 0.8884 0.9258 0.9245 0.7961 0.8564 0.8561 7832
0.8748 0.9244 0.9256 0.8775 0.9121 0.9114 0.7796 0.8417 0.8431 7472
0.8627 0.9233 0.9249 0.8672 0.8968 0.8959 0.7624 0.8260 0.8276 7104
0.8538 0.9220 0.9222 0.8571 0.8893 0.8888 0.7491 0.8181 0.8186 7384];
football_qcif_avg_stvssimrdo=[0.9249 0.9499 0.9413 0.9675 0.9659 0.9749 0.8958 0.9173 0.9176 1111200
0.9146 0.9439 0.9340 0.9630 0.9613 0.9716 0.8819 0.9072 0.9073 996232
0.9039 0.9431 0.9326 0.9573 0.9533 0.9655 0.8669 0.8988 0.9003 911448
0.8919 0.9362 0.9256 0.9508 0.9488 0.9624 0.8499 0.8881 0.8907 823176
0.8769 0.9306 0.9207 0.9428 0.9399 0.9557 0.8292 0.8744 0.8797 726368
0.8663 0.9207 0.9118 0.9356 0.9341 0.9519 0.8133 0.8596 0.8678 652384
0.8529 0.9197 0.9114 0.9292 0.9236 0.9440 0.7959 0.8489 0.8601 592336
0.8349 0.9120 0.9039 0.9160 0.9095 0.9321 0.7688 0.8287 0.8421 512864
0.8220 0.9030 0.8992 0.9078 0.9045 0.9299 0.7508 0.8162 0.8358 454592
0.8074 0.9010 0.8979 0.8986 0.8943 0.9213 0.7305 0.8051 0.8269 413776
0.7876 0.8913 0.8898 0.8849 0.8801 0.9095 0.7024 0.7838 0.8089 350608
0.7671 0.8910 0.8893 0.8675 0.8664 0.8977 0.6715 0.7713 0.7979 306728
0.7530 0.8792 0.8827 0.8579 0.8570 0.8898 0.6518 0.7529 0.7853 268088
0.7264 0.8780 0.8807 0.8336 0.8331 0.8692 0.6120 0.7308 0.7652 228120
0.7097 0.8715 0.8761 0.8167 0.8251 0.8636 0.5865 0.7188 0.7563 200576];
