akiyo_qcif_avg_stvssimrdo=[0.9690 0.9744 0.9701 0.9693 0.9906 0.9919 0.9404 0.9652 0.9623 21432
0.9664 0.9744 0.9679 0.9667 0.9902 0.9912 0.9354 0.9648 0.9594 20344
0.9648 0.9746 0.9678 0.9648 0.9892 0.9906 0.9319 0.9641 0.9586 18176
0.9584 0.9710 0.9662 0.9586 0.9882 0.9897 0.9204 0.9595 0.9562 16752
0.9527 0.9671 0.9635 0.9529 0.9858 0.9877 0.9103 0.9534 0.9517 15112
0.9492 0.9614 0.9566 0.9495 0.9852 0.9877 0.9040 0.9473 0.9447 14048
0.9404 0.9619 0.9566 0.9408 0.9835 0.9859 0.8883 0.9461 0.9431 13464
0.9344 0.9630 0.9565 0.9349 0.9808 0.9836 0.8779 0.9446 0.9407 13832
0.9278 0.9555 0.9470 0.9285 0.9768 0.9801 0.8665 0.9335 0.9283 12128
0.9205 0.9574 0.9482 0.9213 0.9759 0.9794 0.8546 0.9345 0.9287 11816
0.9039 0.9530 0.9393 0.9049 0.9693 0.9741 0.8271 0.9240 0.9150 11912
0.8972 0.9532 0.9400 0.8985 0.9676 0.9732 0.8160 0.9225 0.9148 10880
0.8844 0.9501 0.9346 0.8855 0.9572 0.9635 0.7946 0.9098 0.9005 9952
0.8722 0.9500 0.9351 0.8741 0.9587 0.9611 0.7780 0.9108 0.8988 9656
0.8676 0.9443 0.9310 0.8683 0.9530 0.9598 0.7688 0.9001 0.8936 9208];
bridge_qcif_avg_stvssimrdo=[0.9242 0.8513 0.8730 0.9228 0.9771 0.9778 0.8607 0.8322 0.8539 27616
0.9179 0.8484 0.8691 0.9163 0.9748 0.9748 0.8492 0.8274 0.8475 18736
0.9081 0.8480 0.8690 0.9061 0.9727 0.9727 0.8315 0.8252 0.8456 17784
0.9024 0.8447 0.8671 0.9004 0.9712 0.9715 0.8222 0.8207 0.8427 12312
0.8925 0.8429 0.8659 0.8901 0.9678 0.9677 0.8048 0.8161 0.8382 10152
0.8848 0.8373 0.8640 0.8826 0.9639 0.9640 0.7918 0.8074 0.8332 7720
0.8766 0.8372 0.8640 0.8743 0.9599 0.9600 0.7783 0.8040 0.8298 7888
0.8632 0.8367 0.8575 0.8607 0.9562 0.9560 0.7565 0.8003 0.8199 6936
0.8562 0.8373 0.8574 0.8538 0.9502 0.9502 0.7452 0.7959 0.8148 7616
0.8412 0.8370 0.8563 0.8386 0.9483 0.9481 0.7222 0.7940 0.8120 6920
0.8271 0.8347 0.8540 0.8248 0.9431 0.9427 0.7018 0.7873 0.8053 6448
0.8144 0.8349 0.8534 0.8119 0.9385 0.9397 0.6828 0.7837 0.8021 5824
0.7957 0.8341 0.8525 0.7929 0.9327 0.9329 0.6555 0.7783 0.7958 6424
0.7743 0.8339 0.8522 0.7727 0.9236 0.9224 0.6274 0.7704 0.7864 6440
0.7587 0.8374 0.8514 0.7578 0.9163 0.9141 0.6073 0.7678 0.7785 5856];
bus_qcif_avg_stvssimrdo=[0.9615 0.9843 0.9863 0.9689 0.9872 0.9879 0.9337 0.9717 0.9745 432848
0.9583 0.9835 0.9853 0.9662 0.9869 0.9876 0.9278 0.9706 0.9732 392200
0.9537 0.9827 0.9849 0.9628 0.9857 0.9865 0.9203 0.9687 0.9716 358624
0.9483 0.9826 0.9841 0.9584 0.9856 0.9864 0.9107 0.9685 0.9709 333912
0.9388 0.9821 0.9828 0.9513 0.9828 0.9837 0.8957 0.9653 0.9668 291824
0.9304 0.9776 0.9798 0.9438 0.9831 0.9841 0.8809 0.9612 0.9643 270128
0.9186 0.9759 0.9790 0.9340 0.9792 0.9802 0.8615 0.9557 0.9597 239712
0.9025 0.9737 0.9733 0.9197 0.9755 0.9767 0.8342 0.9500 0.9507 212672
0.8904 0.9690 0.9696 0.9082 0.9742 0.9754 0.8132 0.9441 0.9458 191312
0.8739 0.9699 0.9709 0.8932 0.9688 0.9702 0.7866 0.9399 0.9421 172160
0.8617 0.9660 0.9671 0.8816 0.9687 0.9699 0.7663 0.9360 0.9382 152640
0.8460 0.9647 0.9676 0.8666 0.9624 0.9639 0.7413 0.9287 0.9329 135936
0.8263 0.9566 0.9644 0.8477 0.9593 0.9607 0.7111 0.9183 0.9268 123272
0.7985 0.9559 0.9658 0.8209 0.9518 0.9534 0.6719 0.9105 0.9210 108896
0.7828 0.9530 0.9623 0.8054 0.9486 0.9502 0.6454 0.9049 0.9147 100648];
carphone_qcif_avg_stvssimrdo=[0.9589 0.9493 0.9560 0.9586 0.9776 0.9795 0.9207 0.9279 0.9363 93552
0.9560 0.9462 0.9513 0.9556 0.9772 0.9783 0.9153 0.9245 0.9305 83896
0.9522 0.9456 0.9506 0.9517 0.9759 0.9770 0.9082 0.9227 0.9287 72832
0.9483 0.9424 0.9473 0.9477 0.9734 0.9742 0.9010 0.9172 0.9227 67344
0.9431 0.9396 0.9438 0.9426 0.9718 0.9724 0.8918 0.9130 0.9176 58192
0.9399 0.9307 0.9360 0.9397 0.9694 0.9691 0.8862 0.9020 0.9069 54424
0.9344 0.9328 0.9361 0.9335 0.9683 0.9682 0.8758 0.9031 0.9063 49720
0.9266 0.9290 0.9352 0.9261 0.9651 0.9648 0.8626 0.8964 0.9021 45152
0.9203 0.9225 0.9323 0.9198 0.9584 0.9585 0.8515 0.8837 0.8933 39608
0.9156 0.9219 0.9311 0.9146 0.9597 0.9600 0.8431 0.8844 0.8937 37264
0.9044 0.9213 0.9271 0.9041 0.9531 0.9526 0.8250 0.8777 0.8831 34424
0.8989 0.9199 0.9279 0.8978 0.9551 0.9543 0.8159 0.8782 0.8854 30568
0.8908 0.9165 0.9129 0.8895 0.9483 0.9484 0.8017 0.8688 0.8657 28968
0.8724 0.9159 0.9166 0.8708 0.9411 0.9417 0.7744 0.8616 0.8635 26616
0.8612 0.9081 0.9094 0.8596 0.9379 0.9336 0.7571 0.8512 0.8490 24616];
coastguard_qcif_avg_stvssimrdo=[0.8825 0.9726 0.9782 0.8840 0.9594 0.9608 0.7858 0.9327 0.9394 243864
0.8710 0.9688 0.9773 0.8726 0.9578 0.9595 0.7662 0.9274 0.9372 203072
0.8551 0.9694 0.9774 0.8571 0.9530 0.9548 0.7407 0.9233 0.9327 169184
0.8410 0.9675 0.9765 0.8432 0.9491 0.9516 0.7180 0.9176 0.9287 147336
0.8236 0.9654 0.9747 0.8255 0.9460 0.9486 0.6906 0.9125 0.9240 119464
0.8067 0.9644 0.9729 0.8090 0.9428 0.9453 0.6658 0.9085 0.9189 99440
0.7785 0.9644 0.9722 0.7810 0.9164 0.9192 0.6245 0.8824 0.8925 81592
0.7677 0.9617 0.9743 0.7691 0.9240 0.9281 0.6080 0.8878 0.9035 70856
0.7519 0.9621 0.9702 0.7530 0.9197 0.9233 0.5858 0.8838 0.8948 61200
0.7374 0.9628 0.9696 0.7380 0.9090 0.9135 0.5656 0.8741 0.8846 55704
0.7018 0.9596 0.9702 0.7030 0.8870 0.8923 0.5196 0.8496 0.8642 41944
0.6873 0.9599 0.9695 0.6884 0.8711 0.8773 0.5015 0.8346 0.8490 36656
0.6522 0.9593 0.9685 0.6518 0.8404 0.8466 0.4591 0.8045 0.8184 30696
0.6273 0.9597 0.9678 0.6263 0.8141 0.8213 0.4291 0.7789 0.7928 24456
0.6084 0.9583 0.9668 0.6075 0.7876 0.7944 0.4081 0.7513 0.7652 20104];
container_qcif_avg_stvssimrdo=[0.9340 0.9675 0.9649 0.9341 0.9746 0.9725 0.8773 0.9429 0.9384 18536
0.9311 0.9622 0.9638 0.9313 0.9712 0.9697 0.8721 0.9344 0.9345 16400
0.9288 0.9627 0.9633 0.9289 0.9713 0.9695 0.8683 0.9350 0.9339 15112
0.9237 0.9551 0.9573 0.9240 0.9687 0.9673 0.8600 0.9250 0.9259 12656
0.9218 0.9537 0.9552 0.9219 0.9679 0.9661 0.8558 0.9230 0.9228 12280
0.9165 0.9478 0.9507 0.9166 0.9624 0.9607 0.8470 0.9119 0.9133 11248
0.9157 0.9475 0.9512 0.9156 0.9636 0.9614 0.8444 0.9129 0.9145 11472
0.9061 0.9422 0.9438 0.9060 0.9528 0.9520 0.8294 0.8972 0.8984 10496
0.9024 0.9356 0.9389 0.9028 0.9516 0.9501 0.8230 0.8900 0.8921 10360
0.8988 0.9376 0.9392 0.8984 0.9484 0.9469 0.8161 0.8885 0.8890 9440
0.8907 0.9268 0.9272 0.8909 0.9419 0.9392 0.8034 0.8721 0.8706 9864
0.8828 0.9264 0.9269 0.8831 0.9288 0.9276 0.7910 0.8591 0.8593 8304
0.8748 0.9240 0.9261 0.8751 0.9264 0.9248 0.7785 0.8550 0.8564 8400
0.8625 0.9246 0.9270 0.8630 0.9115 0.9107 0.7609 0.8412 0.8435 7824
0.8562 0.9211 0.9239 0.8564 0.9014 0.9013 0.7511 0.8282 0.8319 7880];
football_qcif_avg_stvssimrdo=[0.9306 0.9508 0.9415 0.9562 0.9536 0.9796 0.8913 0.9064 0.9224 1150560
0.9207 0.9452 0.9344 0.9494 0.9474 0.9769 0.8761 0.8952 0.9128 1028192
0.9101 0.9448 0.9339 0.9425 0.9404 0.9736 0.8600 0.8882 0.9093 937160
0.8995 0.9373 0.9261 0.9345 0.9323 0.9699 0.8435 0.8736 0.8983 859120
0.8863 0.9326 0.9205 0.9250 0.9252 0.9663 0.8236 0.8624 0.8896 764264
0.8756 0.9227 0.9125 0.9171 0.9152 0.9618 0.8073 0.8441 0.8777 684200
0.8607 0.9225 0.9131 0.9054 0.9062 0.9574 0.7847 0.8357 0.8743 619704
0.8460 0.9148 0.9052 0.8942 0.8992 0.9532 0.7625 0.8223 0.8631 543328
0.8315 0.9029 0.8993 0.8818 0.8851 0.9469 0.7399 0.7986 0.8519 481856
0.8198 0.9029 0.8987 0.8732 0.8761 0.9415 0.7230 0.7906 0.8465 443352
0.7974 0.8947 0.8915 0.8531 0.8584 0.9317 0.6885 0.7675 0.8310 375888
0.7842 0.8950 0.8889 0.8417 0.8524 0.9285 0.6686 0.7627 0.8260 338176
0.7651 0.8851 0.8837 0.8246 0.8353 0.9191 0.6402 0.7390 0.8130 291656
0.7458 0.8815 0.8832 0.8058 0.8172 0.9078 0.6106 0.7200 0.8026 257056
0.7246 0.8729 0.8777 0.7867 0.8013 0.8981 0.5800 0.6996 0.7893 221520];
