akiyo_qcif_avg_stvssimrdo=[0.9727 0.9745 0.9708 0.9719 0.9923 0.9935 0.9460 0.9671 0.9645 45504
0.9692 0.9743 0.9697 0.9687 0.9912 0.9925 0.9396 0.9657 0.9624 40736
0.9665 0.9744 0.9696 0.9661 0.9907 0.9920 0.9347 0.9654 0.9618 35440
0.9622 0.9709 0.9667 0.9616 0.9897 0.9909 0.9264 0.9610 0.9579 33472
0.9557 0.9687 0.9655 0.9556 0.9883 0.9899 0.9151 0.9575 0.9557 28768
0.9523 0.9651 0.9598 0.9520 0.9866 0.9889 0.9090 0.9522 0.9491 27400
0.9438 0.9653 0.9596 0.9434 0.9851 0.9873 0.8935 0.9511 0.9474 24728
0.9397 0.9654 0.9595 0.9390 0.9830 0.9861 0.8860 0.9491 0.9462 23024
0.9332 0.9570 0.9514 0.9336 0.9814 0.9845 0.8759 0.9393 0.9366 21696
0.9248 0.9576 0.9507 0.9255 0.9774 0.9809 0.8615 0.9361 0.9325 22120
0.9142 0.9538 0.9439 0.9151 0.9740 0.9787 0.8437 0.9291 0.9239 21168
0.9094 0.9539 0.9444 0.9114 0.9703 0.9769 0.8363 0.9256 0.9225 19072
0.8958 0.9515 0.9399 0.8975 0.9667 0.9702 0.8138 0.9199 0.9120 19704
0.8865 0.9524 0.9374 0.8876 0.9638 0.9680 0.7986 0.9180 0.9074 16264
0.8776 0.9472 0.9348 0.8799 0.9622 0.9679 0.7859 0.9114 0.9048 15496];
bridge_qcif_avg_stvssimrdo=[0.9347 0.8530 0.8738 0.9296 0.9804 0.9811 0.8733 0.8366 0.8576 79024
0.9289 0.8507 0.8699 0.9238 0.9788 0.9792 0.8626 0.8329 0.8520 67352
0.9228 0.8512 0.8702 0.9168 0.9765 0.9771 0.8510 0.8315 0.8506 62024
0.9150 0.8487 0.8661 0.9088 0.9736 0.9742 0.8376 0.8266 0.8439 44688
0.9088 0.8436 0.8664 0.9026 0.9709 0.9710 0.8267 0.8193 0.8415 38488
0.8944 0.8393 0.8649 0.8873 0.9659 0.9661 0.8017 0.8110 0.8358 29096
0.8879 0.8392 0.8648 0.8807 0.9639 0.9642 0.7904 0.8092 0.8341 23584
0.8757 0.8382 0.8585 0.8692 0.9596 0.9602 0.7714 0.8046 0.8245 19976
0.8649 0.8376 0.8574 0.8584 0.9552 0.9545 0.7550 0.8003 0.8186 15520
0.8535 0.8364 0.8567 0.8468 0.9503 0.9493 0.7371 0.7950 0.8134 14776
0.8349 0.8358 0.8559 0.8288 0.9442 0.9441 0.7093 0.7892 0.8082 10976
0.8174 0.8366 0.8554 0.8122 0.9393 0.9399 0.6838 0.7859 0.8040 11432
0.8084 0.8357 0.8531 0.8024 0.9378 0.9371 0.6702 0.7844 0.7999 10208
0.7916 0.8350 0.8530 0.7880 0.9260 0.9242 0.6490 0.7738 0.7886 8776
0.7759 0.8368 0.8524 0.7752 0.9177 0.9159 0.6306 0.7683 0.7810 8960];
carphone_qcif_avg_stvssimrdo=[0.9666 0.9519 0.9587 0.9666 0.9829 0.9846 0.9350 0.9356 0.9440 188032
0.9631 0.9489 0.9528 0.9632 0.9807 0.9826 0.9285 0.9305 0.9362 165360
0.9591 0.9475 0.9543 0.9591 0.9773 0.9790 0.9210 0.9260 0.9342 149096
0.9562 0.9453 0.9499 0.9560 0.9759 0.9781 0.9154 0.9224 0.9290 134944
0.9499 0.9424 0.9472 0.9496 0.9732 0.9748 0.9038 0.9171 0.9233 116016
0.9462 0.9342 0.9383 0.9463 0.9681 0.9704 0.8973 0.9043 0.9104 105688
0.9417 0.9349 0.9393 0.9413 0.9674 0.9692 0.8887 0.9042 0.9103 95112
0.9348 0.9336 0.9370 0.9346 0.9658 0.9668 0.8767 0.9015 0.9057 87280
0.9304 0.9272 0.9337 0.9300 0.9592 0.9611 0.8685 0.8891 0.8972 80872
0.9237 0.9278 0.9349 0.9235 0.9575 0.9596 0.8571 0.8881 0.8969 74808
0.9155 0.9264 0.9321 0.9146 0.9501 0.9510 0.8425 0.8797 0.8862 66552
0.9105 0.9230 0.9319 0.9095 0.9486 0.9485 0.8339 0.8751 0.8836 62320
0.9004 0.9227 0.9174 0.8983 0.9395 0.9387 0.8163 0.8666 0.8609 57056
0.8936 0.9265 0.9199 0.8918 0.9362 0.9373 0.8052 0.8669 0.8623 53256
0.8847 0.9167 0.9167 0.8827 0.9322 0.9303 0.7914 0.8543 0.8529 49224];
coastguard_qcif_avg_stvssimrdo=[0.9208 0.9677 0.9756 0.9243 0.9793 0.9806 0.8534 0.9475 0.9566 530840
0.9095 0.9642 0.9745 0.9131 0.9758 0.9773 0.8335 0.9407 0.9523 452696
0.8971 0.9640 0.9748 0.9012 0.9725 0.9743 0.8124 0.9373 0.9496 390200
0.8860 0.9622 0.9739 0.8902 0.9694 0.9714 0.7936 0.9325 0.9458 344960
0.8693 0.9608 0.9719 0.8741 0.9650 0.9672 0.7663 0.9268 0.9397 284928
0.8567 0.9568 0.9680 0.8618 0.9605 0.9630 0.7456 0.9186 0.9319 252648
0.8404 0.9575 0.9680 0.8452 0.9557 0.9584 0.7196 0.9146 0.9273 215288
0.8250 0.9567 0.9696 0.8300 0.9507 0.9540 0.6955 0.9091 0.9246 184704
0.8092 0.9563 0.9655 0.8145 0.9438 0.9472 0.6715 0.9020 0.9141 158480
0.7947 0.9563 0.9651 0.8005 0.9380 0.9418 0.6502 0.8964 0.9083 140328
0.7686 0.9501 0.9665 0.7738 0.9285 0.9329 0.6118 0.8816 0.9010 116528
0.7590 0.9505 0.9661 0.7636 0.9220 0.9267 0.5977 0.8757 0.8945 103280
0.7397 0.9535 0.9642 0.7440 0.9152 0.9199 0.5701 0.8717 0.8862 96000
0.7151 0.9519 0.9639 0.7185 0.9040 0.9097 0.5379 0.8596 0.8760 79816
0.7022 0.9494 0.9629 0.7050 0.8973 0.9028 0.5183 0.8508 0.8683 73928];
container_qcif_avg_stvssimrdo=[0.9401 0.9668 0.9661 0.9392 0.9791 0.9771 0.8861 0.9465 0.9439 50080
0.9365 0.9636 0.9644 0.9354 0.9768 0.9748 0.8793 0.9412 0.9401 41936
0.9338 0.9629 0.9635 0.9324 0.9755 0.9735 0.8744 0.9393 0.9380 36640
0.9299 0.9554 0.9589 0.9289 0.9728 0.9711 0.8680 0.9293 0.9312 32792
0.9259 0.9532 0.9575 0.9247 0.9695 0.9682 0.8609 0.9240 0.9269 28376
0.9215 0.9472 0.9502 0.9200 0.9682 0.9655 0.8526 0.9169 0.9174 25536
0.9183 0.9472 0.9503 0.9170 0.9654 0.9632 0.8472 0.9142 0.9152 23152
0.9115 0.9430 0.9474 0.9104 0.9595 0.9580 0.8359 0.9045 0.9075 20120
0.9080 0.9374 0.9401 0.9063 0.9549 0.9525 0.8291 0.8945 0.8954 21840
0.9029 0.9363 0.9409 0.9016 0.9517 0.9496 0.8209 0.8905 0.8934 18520
0.8920 0.9315 0.9267 0.8911 0.9399 0.9379 0.8043 0.8750 0.8693 17160
0.8895 0.9337 0.9271 0.8891 0.9400 0.9382 0.8001 0.8769 0.8696 16240
0.8789 0.9289 0.9281 0.8782 0.9283 0.9279 0.7837 0.8611 0.8610 14424
0.8650 0.9279 0.9290 0.8652 0.9190 0.9174 0.7634 0.8511 0.8521 14112
0.8599 0.9230 0.9260 0.8595 0.9099 0.9092 0.7543 0.8378 0.8410 13552];
football_qcif_avg_stvssimrdo=[0.9267 0.9548 0.9489 0.9596 0.9612 0.9837 0.8906 0.9176 0.9334 1209976
0.9184 0.9486 0.9439 0.9543 0.9564 0.9814 0.8779 0.9071 0.9264 1085904
0.9068 0.9483 0.9437 0.9474 0.9505 0.9786 0.8611 0.9013 0.9236 1000544
0.8969 0.9415 0.9363 0.9410 0.9452 0.9763 0.8464 0.8898 0.9141 923496
0.8833 0.9357 0.9337 0.9321 0.9365 0.9723 0.8263 0.8762 0.9079 826688
0.8724 0.9263 0.9254 0.9248 0.9298 0.9691 0.8103 0.8612 0.8968 742224
0.8595 0.9266 0.9252 0.9157 0.9212 0.9651 0.7911 0.8534 0.8930 678504
0.8468 0.9211 0.9202 0.9060 0.9136 0.9608 0.7719 0.8414 0.8843 605584
0.8338 0.9106 0.9134 0.8959 0.9036 0.9564 0.7521 0.8226 0.8737 546384
0.8222 0.9118 0.9131 0.8873 0.8960 0.9523 0.7354 0.8169 0.8698 501880
0.8052 0.9045 0.9073 0.8730 0.8846 0.9456 0.7093 0.8000 0.8582 439040
0.7934 0.9056 0.9087 0.8628 0.8753 0.9403 0.6913 0.7924 0.8548 401056
0.7775 0.8943 0.9043 0.8494 0.8616 0.9328 0.6680 0.7704 0.8438 355632
0.7612 0.8929 0.9028 0.8343 0.8483 0.9253 0.6428 0.7574 0.8357 316912
0.7463 0.8836 0.8981 0.8194 0.8325 0.9172 0.6195 0.7352 0.8240 284976];
foreman_qcif_avg_stvssimrdo=[0.9553 0.9320 0.9646 0.9592 0.9895 0.9909 0.9177 0.9222 0.9559 231456
0.9508 0.9279 0.9620 0.9549 0.9882 0.9896 0.9096 0.9169 0.9521 203752
0.9472 0.9290 0.9622 0.9519 0.9875 0.9890 0.9034 0.9173 0.9516 184256
0.9429 0.9238 0.9590 0.9480 0.9857 0.9874 0.8958 0.9105 0.9470 164336
0.9372 0.9197 0.9555 0.9426 0.9838 0.9857 0.8858 0.9048 0.9420 146216
0.9332 0.9145 0.9512 0.9390 0.9820 0.9844 0.8789 0.8981 0.9364 133800
0.9264 0.9148 0.9510 0.9327 0.9791 0.9820 0.8672 0.8956 0.9340 121512
0.9212 0.9133 0.9507 0.9281 0.9778 0.9803 0.8582 0.8929 0.9321 111096
0.9150 0.9076 0.9488 0.9224 0.9755 0.9784 0.8478 0.8853 0.9285 102528
0.9103 0.9089 0.9475 0.9176 0.9739 0.9769 0.8393 0.8852 0.9259 94808
0.9005 0.9002 0.9420 0.9087 0.9691 0.9734 0.8232 0.8725 0.9173 88552
0.8941 0.9039 0.9418 0.9022 0.9675 0.9720 0.8125 0.8746 0.9159 85448
0.8846 0.8965 0.9388 0.8928 0.9607 0.9667 0.7967 0.8614 0.9082 79032
0.8781 0.8981 0.9382 0.8865 0.9601 0.9647 0.7862 0.8623 0.9056 76656
0.8686 0.8930 0.9341 0.8768 0.9572 0.9626 0.7706 0.8551 0.8997 72384];
