akiyo_qcif_avg_stvssimrdo=[];
bridge_qcif_avg_stvssimrdo=[];
bus_qcif_avg_stvssimrdo=[];
carphone_qcif_avg_stvssimrdo=[];
coastguard_qcif_avg_stvssimrdo=[0.7781 0.9722 0.9766 0.8091 0.8994 0.9011 0.6541 0.8730 0.8787 120376
0.7715 0.9688 0.9763 0.8010 0.8804 0.8823 0.6407 0.8509 0.8598 106656
0.7684 0.9688 0.9760 0.7960 0.8924 0.8944 0.6322 0.8630 0.8717 87944
0.7480 0.9668 0.9752 0.7758 0.8709 0.8736 0.6047 0.8399 0.8504 77336
0.7408 0.9655 0.9748 0.7660 0.8636 0.8671 0.5904 0.8325 0.8442 63656
0.7283 0.9640 0.9719 0.7548 0.8607 0.8644 0.5729 0.8282 0.8386 55568
0.7025 0.9647 0.9723 0.7283 0.8302 0.8343 0.5371 0.7990 0.8095 44896
0.6943 0.9621 0.9730 0.7167 0.8440 0.8484 0.5248 0.8105 0.8244 38968
0.6650 0.9614 0.9681 0.6872 0.8051 0.8095 0.4871 0.7714 0.7816 32944
0.6546 0.9610 0.9691 0.6746 0.7869 0.7916 0.4739 0.7532 0.7646 28576
0.6340 0.9596 0.9692 0.6505 0.7662 0.7717 0.4452 0.7323 0.7455 23808
0.6100 0.9608 0.9681 0.6231 0.7253 0.7316 0.4140 0.6936 0.7051 19704
0.6047 0.9575 0.9687 0.6144 0.7615 0.7676 0.4055 0.7263 0.7422 17256
0.5771 0.9574 0.9661 0.5816 0.6918 0.6990 0.3729 0.6573 0.6721 12728
0.5609 0.9549 0.9647 0.5616 0.6915 0.6986 0.3534 0.6550 0.6704 10872];
container_qcif_avg_stvssimrdo=[];
football_qcif_avg_stvssimrdo=[0.9090 0.9476 0.9385 0.9509 0.9596 0.9693 0.8666 0.9092 0.9096 1046488
0.8979 0.9411 0.9314 0.9441 0.9516 0.9627 0.8503 0.8954 0.8966 929520
0.8859 0.9409 0.9306 0.9398 0.9418 0.9548 0.8351 0.8860 0.8884 846360
0.8682 0.9331 0.9235 0.9257 0.9367 0.9512 0.8075 0.8739 0.8784 752312
0.8545 0.9267 0.9185 0.9191 0.9251 0.9427 0.7897 0.8570 0.8657 666552
0.8380 0.9170 0.9098 0.9061 0.9110 0.9314 0.7647 0.8350 0.8472 586936
0.8232 0.9159 0.9088 0.8945 0.8972 0.9200 0.7426 0.8213 0.8360 525328
0.7988 0.9071 0.9006 0.8741 0.8887 0.9137 0.7065 0.8057 0.8227 446168
0.7839 0.8957 0.8948 0.8618 0.8716 0.8995 0.6830 0.7804 0.8050 389304
0.7688 0.8935 0.8938 0.8539 0.8675 0.8967 0.6641 0.7744 0.8013 348040
0.7450 0.8847 0.8872 0.8326 0.8483 0.8798 0.6292 0.7499 0.7805 290272
0.7218 0.8797 0.8838 0.8100 0.8382 0.8708 0.5951 0.7371 0.7695 253488
0.7057 0.8672 0.8790 0.7946 0.8143 0.8502 0.5702 0.7063 0.7476 218872
0.6881 0.8674 0.8762 0.7725 0.8044 0.8422 0.5424 0.6974 0.7381 187672
0.6635 0.8592 0.8729 0.7425 0.7735 0.8163 0.5044 0.6649 0.7132 159792];
foreman_qcif_avg_stvssimrdo=[0.9375 0.9273 0.9597 0.9529 0.9823 0.9819 0.8949 0.9109 0.9424 100760
0.9362 0.9229 0.9566 0.9519 0.9825 0.9823 0.8927 0.9068 0.9399 87768
0.9309 0.9234 0.9569 0.9472 0.9816 0.9815 0.8837 0.9064 0.9394 79840
0.9267 0.9180 0.9536 0.9439 0.9802 0.9800 0.8768 0.8998 0.9347 71656
0.9205 0.9149 0.9524 0.9391 0.9759 0.9759 0.8668 0.8928 0.9297 63128
0.9157 0.9098 0.9447 0.9349 0.9729 0.9728 0.8585 0.8852 0.9193 58168
0.9060 0.9091 0.9442 0.9263 0.9661 0.9664 0.8431 0.8783 0.9128 52512
0.9027 0.9054 0.9441 0.9233 0.9662 0.9666 0.8364 0.8748 0.9130 50024
0.8934 0.9035 0.9404 0.9153 0.9606 0.9609 0.8218 0.8679 0.9040 45800
0.8884 0.9016 0.9388 0.9113 0.9624 0.9625 0.8136 0.8677 0.9041 43472
0.8740 0.8944 0.9331 0.8975 0.9517 0.9524 0.7902 0.8512 0.8893 41080
0.8607 0.8936 0.9327 0.8840 0.9456 0.9463 0.7679 0.8451 0.8833 37832
0.8466 0.8871 0.9308 0.8728 0.9380 0.9386 0.7479 0.8323 0.8744 36824
0.8348 0.8911 0.9283 0.8601 0.9304 0.9314 0.7273 0.8294 0.8657 35192
0.8198 0.8820 0.9239 0.8459 0.9171 0.9193 0.7059 0.8101 0.8508 32568];
grandma_qcif_avg_stvssimrdo=[];
hall_qcif_avg_stvssimrdo=[];
harbour_qcif_avg_stvssimrdo=[];
highway_qcif_avg_stvssimrdo=[];
ice_qcif_avg_stvssimrdo=[0.9610 0.9714 0.9771 0.9721 0.9840 0.9838 0.9355 0.9558 0.9612 262256
0.9579 0.9686 0.9758 0.9693 0.9823 0.9820 0.9303 0.9513 0.9581 235096
0.9557 0.9684 0.9754 0.9685 0.9807 0.9804 0.9272 0.9496 0.9562 215640
0.9529 0.9674 0.9743 0.9674 0.9783 0.9781 0.9236 0.9463 0.9529 199360
0.9481 0.9640 0.9717 0.9636 0.9757 0.9753 0.9158 0.9403 0.9476 177008
0.9447 0.9616 0.9710 0.9601 0.9707 0.9705 0.9096 0.9331 0.9422 161104
0.9389 0.9605 0.9693 0.9566 0.9704 0.9699 0.9011 0.9318 0.9399 147544
0.9343 0.9591 0.9666 0.9516 0.9700 0.9695 0.8935 0.9300 0.9369 130160
0.9295 0.9551 0.9645 0.9488 0.9634 0.9630 0.8859 0.9198 0.9285 121104
0.9247 0.9536 0.9638 0.9452 0.9608 0.9603 0.8792 0.9158 0.9253 111368
0.9195 0.9493 0.9627 0.9415 0.9536 0.9533 0.8702 0.9048 0.9175 99816
0.9056 0.9501 0.9634 0.9257 0.9441 0.9436 0.8467 0.8965 0.9087 87264
0.8993 0.9437 0.9601 0.9203 0.9215 0.9210 0.8366 0.8689 0.8841 80024
0.8907 0.9442 0.9602 0.9102 0.9159 0.9151 0.8213 0.8643 0.8786 70968
0.8716 0.9386 0.9563 0.8903 0.9066 0.9060 0.7920 0.8506 0.8663 62888];
mobile_qcif_avg_stvssimrdo=[0.9041 0.9206 0.9271 0.9206 0.9411 0.9412 0.8393 0.8666 0.8730 296856
0.9034 0.9149 0.9215 0.9201 0.9459 0.9460 0.8388 0.8656 0.8720 252608
0.9000 0.9140 0.9204 0.9168 0.9410 0.9412 0.8331 0.8602 0.8669 218472
0.8990 0.9037 0.9115 0.9176 0.9414 0.9414 0.8327 0.8508 0.8586 193872
0.8954 0.8981 0.9081 0.9156 0.9421 0.9421 0.8267 0.8465 0.8557 164480
0.8886 0.8840 0.8953 0.9081 0.9357 0.9355 0.8154 0.8273 0.8379 140920
0.8797 0.8841 0.8951 0.8994 0.9317 0.9315 0.7994 0.8237 0.8340 123976
0.8653 0.8758 0.8862 0.8872 0.9243 0.9236 0.7775 0.8097 0.8188 105000
0.8644 0.8639 0.8766 0.8856 0.9231 0.9223 0.7735 0.7977 0.8089 94808
0.8435 0.8634 0.8723 0.8670 0.9112 0.9104 0.7433 0.7869 0.7944 84704
0.8247 0.8462 0.8623 0.8494 0.9001 0.8992 0.7139 0.7616 0.7758 73344
0.8032 0.8474 0.8611 0.8282 0.8877 0.8870 0.6809 0.7519 0.7643 67672
0.7701 0.8376 0.8458 0.7989 0.8651 0.8638 0.6357 0.7245 0.7306 57656
0.7445 0.8362 0.8446 0.7724 0.8417 0.8394 0.5992 0.7028 0.7082 53160
0.7152 0.8188 0.8319 0.7474 0.8219 0.8198 0.5604 0.6728 0.6821 47888];
news_qcif_avg_stvssimrdo=[];
salesman_qcif_avg_stvssimrdo=[];
silent_qcif_avg_stvssimrdo=[];
soccer_qcif_avg_stvssimrdo=[0.8857 0.9556 0.9652 0.9286 0.9503 0.9621 0.8252 0.9081 0.9286 332496
0.8752 0.9516 0.9621 0.9210 0.9426 0.9564 0.8093 0.8969 0.9201 291304
0.8628 0.9512 0.9627 0.9133 0.9353 0.9505 0.7917 0.8895 0.9150 258832
0.8529 0.9467 0.9573 0.9059 0.9308 0.9478 0.7768 0.8812 0.9073 240512
0.8428 0.9433 0.9570 0.8990 0.9243 0.9440 0.7622 0.8717 0.9033 214616
0.8320 0.9394 0.9517 0.8908 0.9162 0.9372 0.7464 0.8604 0.8918 191080
0.8202 0.9364 0.9502 0.8826 0.9050 0.9291 0.7298 0.8472 0.8826 173760
0.8093 0.9341 0.9499 0.8736 0.8975 0.9241 0.7134 0.8380 0.8776 153504
0.7974 0.9289 0.9476 0.8634 0.8860 0.9170 0.6962 0.8230 0.8688 137624
0.7847 0.9298 0.9472 0.8509 0.8748 0.9065 0.6768 0.8131 0.8583 123432
0.7711 0.9242 0.9441 0.8375 0.8554 0.8946 0.6554 0.7906 0.8443 108056
0.7564 0.9233 0.9411 0.8234 0.8474 0.8881 0.6338 0.7820 0.8356 97328
0.7390 0.9191 0.9379 0.8071 0.8085 0.8631 0.6087 0.7425 0.8090 85384
0.7280 0.9209 0.9362 0.7959 0.7962 0.8527 0.5925 0.7328 0.7978 76040
0.7098 0.9133 0.9311 0.7765 0.7790 0.8394 0.5649 0.7108 0.7810 66064];
stefan_qcif_avg_stvssimrdo=[0.9301 0.9159 0.9118 0.9440 0.9311 0.9315 0.8823 0.8522 0.8490 338912
0.9307 0.9056 0.9004 0.9445 0.9301 0.9302 0.8820 0.8418 0.8373 293944
0.9261 0.9053 0.8995 0.9390 0.9283 0.9285 0.8732 0.8399 0.8348 256344
0.9187 0.8927 0.8850 0.9335 0.9176 0.9180 0.8621 0.8184 0.8118 227728
0.9073 0.8832 0.8765 0.9212 0.9169 0.9172 0.8453 0.8094 0.8033 193552
0.8944 0.8685 0.8549 0.9114 0.9156 0.9157 0.8289 0.7943 0.7820 171072
0.8910 0.8661 0.8567 0.9074 0.9073 0.9075 0.8201 0.7847 0.7764 151848
0.8636 0.8489 0.8424 0.8845 0.8965 0.8966 0.7848 0.7599 0.7544 128248
0.8478 0.8307 0.8274 0.8705 0.8935 0.8938 0.7620 0.7400 0.7378 110440
0.8488 0.8347 0.8317 0.8713 0.8849 0.8851 0.7558 0.7375 0.7351 103128
0.7898 0.8046 0.7943 0.8187 0.8401 0.8399 0.6877 0.6777 0.6700 79792
0.7794 0.8161 0.8032 0.8069 0.8243 0.8242 0.6648 0.6763 0.6650 76128
0.7635 0.8004 0.7790 0.7936 0.8088 0.8089 0.6436 0.6478 0.6313 65144
0.7373 0.8067 0.7842 0.7699 0.7815 0.7812 0.6035 0.6305 0.6128 58032
0.7215 0.7961 0.7780 0.7511 0.7353 0.7352 0.5787 0.5919 0.5783 50816];
suzie_qcif_avg_stvssimrdo=[];
