akiyo_qcif_avg_stvssimrdo=[];
bridge_qcif_avg_stvssimrdo=[];
bus_qcif_avg_stvssimrdo=[];
carphone_qcif_avg_stvssimrdo=[];
coastguard_qcif_avg_stvssimrdo=[0.6626 0.9706 0.9761 0.7070 0.8209 0.8232 0.5183 0.7944 0.8016 51200
0.6681 0.9692 0.9741 0.7099 0.8265 0.8292 0.5208 0.7989 0.8059 49296
0.6765 0.9683 0.9749 0.7163 0.8304 0.8336 0.5275 0.8023 0.8111 46664
0.6604 0.9670 0.9708 0.7006 0.8158 0.8196 0.5051 0.7865 0.7941 38736
0.6660 0.9652 0.9726 0.7049 0.8145 0.8183 0.5074 0.7837 0.7944 34096
0.6689 0.9640 0.9704 0.7012 0.8216 0.8255 0.5057 0.7900 0.7994 34704
0.6535 0.9644 0.9685 0.6809 0.7850 0.7894 0.4827 0.7541 0.7618 28128
0.6416 0.9623 0.9700 0.6640 0.7725 0.7776 0.4624 0.7406 0.7520 24688
0.6182 0.9613 0.9677 0.6433 0.7358 0.7407 0.4368 0.7032 0.7136 19608
0.6079 0.9619 0.9675 0.6301 0.7197 0.7252 0.4206 0.6882 0.6983 17376
0.6006 0.9604 0.9673 0.6182 0.7133 0.7194 0.4095 0.6811 0.6927 16224
0.5839 0.9601 0.9673 0.5975 0.7002 0.7077 0.3863 0.6691 0.6819 13120
0.5645 0.9547 0.9660 0.5768 0.6987 0.7051 0.3633 0.6618 0.6778 10744
0.5522 0.9550 0.9661 0.5589 0.6669 0.6751 0.3481 0.6313 0.6490 9656
0.5386 0.9543 0.9632 0.5411 0.6519 0.6609 0.3314 0.6167 0.6342 8416];
container_qcif_avg_stvssimrdo=[];
football_qcif_avg_stvssimrdo=[0.8551 0.9360 0.9320 0.8896 0.9308 0.9424 0.7702 0.8713 0.8783 883568
0.8336 0.9288 0.9250 0.8718 0.9216 0.9349 0.7382 0.8560 0.8648 755160
0.8104 0.9252 0.9223 0.8473 0.9041 0.9200 0.7033 0.8363 0.8485 664648
0.7852 0.9130 0.9155 0.8254 0.8846 0.9032 0.6629 0.8077 0.8269 572032
0.7634 0.9075 0.9098 0.8051 0.8779 0.8984 0.6331 0.7967 0.8173 493824
0.7383 0.8911 0.8976 0.7754 0.8248 0.8502 0.5906 0.7362 0.7636 412384
0.7285 0.8903 0.8978 0.7741 0.8167 0.8434 0.5817 0.7280 0.7578 377264
0.6998 0.8780 0.8901 0.7400 0.7896 0.8207 0.5384 0.6948 0.7321 307544
0.6714 0.8630 0.8819 0.6900 0.7543 0.7889 0.4879 0.6525 0.6971 254056
0.6560 0.8535 0.8778 0.6832 0.7333 0.7707 0.4721 0.6283 0.6783 222344
0.6440 0.8439 0.8751 0.6695 0.7110 0.7493 0.4525 0.6019 0.6564 187520
0.6284 0.8421 0.8714 0.6486 0.7183 0.7574 0.4291 0.6068 0.6617 163104
0.5980 0.8211 0.8622 0.5965 0.6589 0.7031 0.3810 0.5424 0.6060 128872
0.5956 0.8214 0.8641 0.5999 0.6567 0.7027 0.3784 0.5430 0.6089 116352
0.5775 0.8122 0.8574 0.5695 0.6226 0.6758 0.3523 0.5091 0.5823 98520];
foreman_qcif_avg_stvssimrdo=[0.9263 0.9239 0.9574 0.9440 0.9786 0.9781 0.8767 0.9042 0.9366 88264
0.9186 0.9203 0.9528 0.9386 0.9731 0.9726 0.8659 0.8954 0.9268 74768
0.9188 0.9192 0.9536 0.9377 0.9721 0.9718 0.8650 0.8935 0.9269 70632
0.9128 0.9145 0.9502 0.9337 0.9739 0.9734 0.8551 0.8907 0.9253 61688
0.9125 0.9140 0.9498 0.9328 0.9717 0.9713 0.8539 0.8880 0.9228 57272
0.9050 0.9081 0.9431 0.9258 0.9649 0.9646 0.8416 0.8762 0.9100 52608
0.8964 0.9067 0.9447 0.9182 0.9615 0.9614 0.8274 0.8718 0.9086 48424
0.8825 0.9035 0.9423 0.9048 0.9571 0.9570 0.8059 0.8648 0.9023 45664
0.8766 0.8988 0.9379 0.9005 0.9544 0.9542 0.7958 0.8577 0.8954 42376
0.8631 0.8968 0.9378 0.8883 0.9526 0.9526 0.7767 0.8546 0.8940 38704
0.8532 0.8906 0.9291 0.8784 0.9436 0.9436 0.7586 0.8409 0.8777 36064
0.8427 0.8920 0.9281 0.8689 0.9374 0.9377 0.7451 0.8366 0.8711 34464
0.8288 0.8848 0.9276 0.8551 0.9336 0.9334 0.7218 0.8268 0.8669 31848
0.8156 0.8844 0.9301 0.8422 0.9225 0.9235 0.6993 0.8166 0.8601 30536
0.7960 0.8811 0.9227 0.8220 0.9054 0.9065 0.6683 0.7987 0.8381 29112];
grandma_qcif_avg_stvssimrdo=[];
hall_qcif_avg_stvssimrdo=[];
harbour_qcif_avg_stvssimrdo=[];
highway_qcif_avg_stvssimrdo=[];
ice_qcif_avg_stvssimrdo=[0.9292 0.9688 0.9754 0.9425 0.9621 0.9618 0.8861 0.9318 0.9380 218528
0.9262 0.9663 0.9742 0.9379 0.9625 0.9622 0.8793 0.9296 0.9370 195080
0.9300 0.9668 0.9738 0.9450 0.9656 0.9652 0.8861 0.9331 0.9397 182328
0.9190 0.9643 0.9723 0.9339 0.9517 0.9514 0.8681 0.9172 0.9247 159824
0.9178 0.9616 0.9706 0.9315 0.9357 0.9354 0.8646 0.8992 0.9074 142880
0.9057 0.9571 0.9682 0.9224 0.9494 0.9491 0.8501 0.9080 0.9184 128232
0.9018 0.9582 0.9681 0.9177 0.9432 0.9428 0.8434 0.9031 0.9123 118496
0.8906 0.9547 0.9632 0.9056 0.9288 0.9282 0.8268 0.8856 0.8937 102720
0.8866 0.9509 0.9652 0.9034 0.9215 0.9208 0.8193 0.8755 0.8883 93296
0.8758 0.9494 0.9622 0.8894 0.9079 0.9070 0.8023 0.8607 0.8719 82944
0.8755 0.9459 0.9621 0.8875 0.8947 0.8943 0.7955 0.8450 0.8598 76144
0.8555 0.9429 0.9607 0.8633 0.8840 0.8833 0.7659 0.8321 0.8482 65608
0.8327 0.9368 0.9564 0.8466 0.8617 0.8608 0.7420 0.8055 0.8226 57808
0.8127 0.9340 0.9549 0.8179 0.8236 0.8223 0.7047 0.7682 0.7851 51120
0.7990 0.9297 0.9521 0.8028 0.7655 0.7631 0.6876 0.7117 0.7281 44944];
mobile_qcif_avg_stvssimrdo=[0.8630 0.9164 0.9172 0.8883 0.9150 0.9151 0.7799 0.8389 0.8404 255440
0.8441 0.9046 0.9049 0.8723 0.9150 0.9150 0.7575 0.8280 0.8288 211656
0.8455 0.9076 0.9095 0.8777 0.9174 0.9175 0.7606 0.8331 0.8356 184664
0.8452 0.8969 0.8973 0.8767 0.9153 0.9155 0.7617 0.8215 0.8227 158272
0.8401 0.8910 0.8903 0.8752 0.9211 0.9208 0.7571 0.8210 0.8206 133368
0.8361 0.8782 0.8766 0.8685 0.9142 0.9136 0.7477 0.8028 0.8017 112864
0.8320 0.8784 0.8801 0.8651 0.9010 0.9006 0.7390 0.7915 0.7934 105600
0.8306 0.8680 0.8723 0.8615 0.9027 0.9021 0.7340 0.7840 0.7879 88760
0.8048 0.8574 0.8600 0.8412 0.8951 0.8943 0.7020 0.7682 0.7699 73784
0.7948 0.8546 0.8539 0.8323 0.8824 0.8812 0.6863 0.7543 0.7541 69472
0.7752 0.8442 0.8503 0.8103 0.8782 0.8778 0.6562 0.7420 0.7470 60136
0.7506 0.8428 0.8449 0.7886 0.8559 0.8551 0.6221 0.7204 0.7222 52928
0.7139 0.8283 0.8240 0.7562 0.8394 0.8373 0.5737 0.6948 0.6901 46144
0.6898 0.8238 0.8256 0.7263 0.8230 0.8213 0.5390 0.6782 0.6781 41624
0.6494 0.8111 0.8123 0.6902 0.7931 0.7906 0.4908 0.6425 0.6417 36096];
news_qcif_avg_stvssimrdo=[];
salesman_qcif_avg_stvssimrdo=[];
silent_qcif_avg_stvssimrdo=[];
soccer_qcif_avg_stvssimrdo=[0.8529 0.9519 0.9624 0.9043 0.9203 0.9329 0.7762 0.8757 0.8977 283584
0.8419 0.9473 0.9584 0.8975 0.9073 0.9220 0.7610 0.8594 0.8836 250864
0.8292 0.9479 0.9588 0.8884 0.9036 0.9196 0.7424 0.8564 0.8817 220792
0.8186 0.9447 0.9558 0.8802 0.8912 0.9094 0.7273 0.8414 0.8687 204112
0.8087 0.9406 0.9533 0.8707 0.8938 0.9139 0.7118 0.8405 0.8710 177248
0.7980 0.9345 0.9478 0.8593 0.8802 0.9041 0.6946 0.8222 0.8565 161616
0.7883 0.9349 0.9472 0.8550 0.8636 0.8905 0.6823 0.8076 0.8433 142928
0.7770 0.9309 0.9452 0.8454 0.8671 0.8966 0.6670 0.8069 0.8469 131400
0.7670 0.9246 0.9452 0.8354 0.8459 0.8798 0.6505 0.7825 0.8313 114760
0.7505 0.9248 0.9447 0.8154 0.8215 0.8637 0.6248 0.7591 0.8152 103216
0.7339 0.9197 0.9399 0.7977 0.8036 0.8485 0.5986 0.7388 0.7971 88544
0.7162 0.9174 0.9369 0.7801 0.7692 0.8218 0.5739 0.7054 0.7695 75632
0.7038 0.9143 0.9347 0.7707 0.7783 0.8354 0.5563 0.7113 0.7803 68816
0.6952 0.9128 0.9331 0.7612 0.7438 0.8070 0.5441 0.6785 0.7524 60624
0.6835 0.9106 0.9244 0.7416 0.7124 0.7857 0.5242 0.6489 0.7257 55328];
stefan_qcif_avg_stvssimrdo=[0.8608 0.8936 0.8931 0.8897 0.8705 0.8705 0.7923 0.7783 0.7779 275400
0.8510 0.8830 0.8754 0.8825 0.8404 0.8400 0.7807 0.7448 0.7384 227776
0.8443 0.8799 0.8740 0.8745 0.8424 0.8421 0.7715 0.7460 0.7409 207152
0.8313 0.8629 0.8539 0.8602 0.8527 0.8526 0.7567 0.7365 0.7299 173480
0.8292 0.8603 0.8506 0.8623 0.8519 0.8516 0.7512 0.7339 0.7264 149680
0.8151 0.8414 0.8298 0.8463 0.8488 0.8485 0.7359 0.7161 0.7069 125984
0.7820 0.8321 0.8173 0.8154 0.8414 0.8409 0.6946 0.7021 0.6904 106112
0.7789 0.8209 0.8117 0.8125 0.8253 0.8249 0.6874 0.6810 0.6744 95336
0.7758 0.8068 0.7982 0.8102 0.8229 0.8227 0.6786 0.6641 0.6585 84168
0.7493 0.8068 0.7923 0.7845 0.7785 0.7780 0.6428 0.6371 0.6277 72448
0.7345 0.7962 0.7877 0.7705 0.7759 0.7757 0.6211 0.6258 0.6196 63368
0.7209 0.7931 0.7781 0.7577 0.7460 0.7459 0.5989 0.6030 0.5944 55936
0.6925 0.7832 0.7593 0.7264 0.7350 0.7347 0.5563 0.5884 0.5716 47368
0.6802 0.7837 0.7591 0.7142 0.7044 0.7042 0.5352 0.5643 0.5482 41496
0.6404 0.7734 0.7500 0.6736 0.6705 0.6719 0.4870 0.5293 0.5167 33680];
suzie_qcif_avg_stvssimrdo=[];
