akiyo_qcif_avg_mserdo=[0.9709 0.9733 0.9663 0.9712 0.9893 0.9898 0.9437 0.9629 0.9564 36904
0.9662 0.9705 0.9616 0.9662 0.9871 0.9881 0.9346 0.9581 0.9501 31432
0.9623 0.9712 0.9606 0.9626 0.9857 0.9866 0.9278 0.9574 0.9477 27592
0.9553 0.9665 0.9597 0.9558 0.9826 0.9845 0.9149 0.9499 0.9448 24008
0.9482 0.9627 0.9571 0.9488 0.9811 0.9826 0.9023 0.9447 0.9404 20912
0.9433 0.9578 0.9490 0.9440 0.9798 0.9813 0.8935 0.9386 0.9312 18536
0.9326 0.9562 0.9509 0.9337 0.9771 0.9782 0.8752 0.9346 0.9302 16376
0.9253 0.9562 0.9435 0.9263 0.9728 0.9752 0.8627 0.9303 0.9202 15048
0.9165 0.9506 0.9398 0.9176 0.9680 0.9695 0.8481 0.9205 0.9112 13416
0.9059 0.9506 0.9390 0.9069 0.9636 0.9658 0.8300 0.9163 0.9070 12320
0.8912 0.9433 0.9280 0.8925 0.9560 0.9574 0.8054 0.9021 0.8883 11416
0.8803 0.9430 0.9278 0.8816 0.9489 0.9512 0.7873 0.8951 0.8823 10592
0.8674 0.9349 0.9159 0.8683 0.9413 0.9455 0.7674 0.8803 0.8660 9744
0.8542 0.9355 0.9158 0.8556 0.9344 0.9381 0.7464 0.8746 0.8593 8536
0.8384 0.9324 0.9153 0.8403 0.9308 0.9305 0.7251 0.8683 0.8517 8024];
bridge_qcif_avg_mserdo=[0.9378 0.8479 0.8697 0.9356 0.9767 0.9773 0.8809 0.8284 0.8502 135456
0.9295 0.8455 0.8661 0.9270 0.9727 0.9728 0.8660 0.8227 0.8428 102128
0.9193 0.8449 0.8655 0.9166 0.9684 0.9685 0.8480 0.8185 0.8386 78040
0.9118 0.8409 0.8648 0.9085 0.9651 0.9651 0.8345 0.8118 0.8350 60808
0.8989 0.8388 0.8606 0.8951 0.9593 0.9595 0.8123 0.8048 0.8262 45984
0.8859 0.8357 0.8570 0.8808 0.9523 0.9525 0.7895 0.7960 0.8166 35280
0.8740 0.8340 0.8558 0.8689 0.9454 0.9454 0.7703 0.7886 0.8095 26600
0.8576 0.8307 0.8508 0.8523 0.9352 0.9350 0.7446 0.7768 0.7957 19952
0.8428 0.8297 0.8482 0.8378 0.9304 0.9305 0.7223 0.7720 0.7896 15064
0.8308 0.8292 0.8486 0.8246 0.9238 0.9238 0.7034 0.7661 0.7841 11648
0.8099 0.8228 0.8454 0.8023 0.9138 0.9151 0.6717 0.7516 0.7737 9144
0.7943 0.8235 0.8443 0.7877 0.9031 0.9035 0.6506 0.7434 0.7626 7320
0.7805 0.8213 0.8415 0.7737 0.8924 0.8935 0.6313 0.7324 0.7516 6576
0.7561 0.8213 0.8414 0.7505 0.8786 0.8783 0.5989 0.7210 0.7387 5736
0.7411 0.8216 0.8390 0.7349 0.8704 0.8710 0.5791 0.7144 0.7301 5776];
bus_qcif_avg_mserdo=[0.9762 0.9840 0.9866 0.9898 0.9965 0.9967 0.9663 0.9806 0.9834 468400
0.9724 0.9833 0.9853 0.9884 0.9959 0.9961 0.9612 0.9793 0.9815 423184
0.9679 0.9824 0.9851 0.9866 0.9953 0.9956 0.9550 0.9778 0.9807 386520
0.9623 0.9796 0.9841 0.9848 0.9945 0.9948 0.9478 0.9743 0.9790 355624
0.9537 0.9800 0.9828 0.9815 0.9932 0.9936 0.9362 0.9735 0.9765 315104
0.9416 0.9732 0.9756 0.9753 0.9915 0.9919 0.9187 0.9649 0.9677 282632
0.9282 0.9722 0.9746 0.9672 0.9895 0.9900 0.8984 0.9620 0.9649 249584
0.9107 0.9669 0.9714 0.9563 0.9863 0.9870 0.8719 0.9538 0.9588 213160
0.8940 0.9600 0.9661 0.9458 0.9831 0.9840 0.8471 0.9440 0.9506 187696
0.8800 0.9573 0.9655 0.9362 0.9808 0.9818 0.8259 0.9391 0.9479 166936
0.8637 0.9514 0.9633 0.9252 0.9774 0.9785 0.8016 0.9303 0.9426 141872
0.8458 0.9546 0.9635 0.9141 0.9735 0.9747 0.7762 0.9298 0.9391 126152
0.8269 0.9476 0.9637 0.9003 0.9700 0.9714 0.7481 0.9198 0.9362 108512
0.8029 0.9455 0.9607 0.8840 0.9648 0.9664 0.7145 0.9129 0.9285 95424
0.7761 0.9453 0.9581 0.8616 0.9595 0.9614 0.6751 0.9081 0.9212 84728];
carphone_qcif_avg_mserdo=[0.9701 0.9454 0.9530 0.9705 0.9844 0.9854 0.9422 0.9305 0.9391 140296
0.9661 0.9396 0.9446 0.9665 0.9827 0.9836 0.9347 0.9233 0.9291 118664
0.9612 0.9389 0.9426 0.9616 0.9801 0.9809 0.9255 0.9201 0.9246 101488
0.9573 0.9335 0.9400 0.9576 0.9779 0.9788 0.9182 0.9128 0.9200 88152
0.9512 0.9297 0.9347 0.9511 0.9739 0.9751 0.9065 0.9053 0.9114 74936
0.9454 0.9216 0.9258 0.9457 0.9702 0.9717 0.8963 0.8940 0.8996 65776
0.9385 0.9190 0.9239 0.9386 0.9667 0.9683 0.8835 0.8883 0.8946 56888
0.9317 0.9176 0.9209 0.9318 0.9633 0.9644 0.8716 0.8837 0.8881 49584
0.9227 0.9064 0.9164 0.9225 0.9582 0.9597 0.8555 0.8682 0.8796 43160
0.9141 0.9054 0.9139 0.9139 0.9522 0.9539 0.8403 0.8619 0.8718 38720
0.9011 0.8972 0.9119 0.8991 0.9437 0.9452 0.8175 0.8464 0.8617 33984
0.8921 0.8979 0.9088 0.8898 0.9362 0.9381 0.8017 0.8402 0.8524 31024
0.8781 0.8869 0.8980 0.8750 0.9331 0.9340 0.7793 0.8275 0.8394 27408
0.8620 0.8787 0.8918 0.8579 0.9229 0.9240 0.7530 0.8111 0.8250 25088
0.8504 0.8797 0.8796 0.8449 0.9092 0.9107 0.7343 0.7996 0.8021 21944];
coastguard_qcif_avg_mserdo=[0.9136 0.9715 0.9766 0.9173 0.9721 0.9735 0.8410 0.9443 0.9506 348104
0.8974 0.9663 0.9763 0.9017 0.9662 0.9679 0.8131 0.9334 0.9449 281736
0.8788 0.9660 0.9756 0.8841 0.9606 0.9625 0.7822 0.9277 0.9388 226256
0.8583 0.9652 0.9733 0.8642 0.9538 0.9558 0.7491 0.9202 0.9300 183328
0.8332 0.9632 0.9727 0.8397 0.9452 0.9475 0.7096 0.9099 0.9214 142680
0.8092 0.9622 0.9709 0.8168 0.9356 0.9384 0.6740 0.8996 0.9106 114984
0.7826 0.9617 0.9705 0.7915 0.9264 0.9295 0.6356 0.8902 0.9017 91104
0.7565 0.9599 0.9711 0.7651 0.9151 0.9187 0.5988 0.8775 0.8916 73112
0.7276 0.9610 0.9669 0.7370 0.9034 0.9079 0.5604 0.8673 0.8774 58432
0.7080 0.9603 0.9674 0.7175 0.8929 0.8977 0.5352 0.8566 0.8680 48304
0.6782 0.9558 0.9659 0.6866 0.8789 0.8842 0.4967 0.8389 0.8534 38904
0.6545 0.9553 0.9654 0.6637 0.8642 0.8707 0.4678 0.8245 0.8399 33256
0.6356 0.9521 0.9676 0.6433 0.8537 0.8600 0.4437 0.8114 0.8314 29224
0.6162 0.9523 0.9676 0.6222 0.8312 0.8395 0.4182 0.7904 0.8118 24224
0.5994 0.9487 0.9662 0.6025 0.8095 0.8197 0.3949 0.7669 0.7914 20832];
container_qcif_avg_mserdo=[0.9415 0.9627 0.9622 0.9420 0.9813 0.9792 0.8905 0.9447 0.9424 43768
0.9381 0.9573 0.9583 0.9385 0.9792 0.9772 0.8844 0.9374 0.9365 35688
0.9345 0.9572 0.9582 0.9347 0.9762 0.9739 0.8777 0.9344 0.9333 29792
0.9324 0.9493 0.9564 0.9326 0.9749 0.9730 0.8740 0.9257 0.9307 25376
0.9270 0.9472 0.9477 0.9274 0.9697 0.9675 0.8644 0.9186 0.9169 21840
0.9226 0.9409 0.9419 0.9228 0.9661 0.9630 0.8569 0.9091 0.9073 19232
0.9182 0.9411 0.9417 0.9187 0.9639 0.9610 0.8493 0.9071 0.9051 16504
0.9130 0.9331 0.9362 0.9133 0.9580 0.9558 0.8402 0.8940 0.8949 15296
0.9054 0.9316 0.9305 0.9061 0.9530 0.9510 0.8274 0.8878 0.8850 13416
0.9018 0.9312 0.9309 0.9023 0.9476 0.9456 0.8211 0.8821 0.8802 12064
0.8929 0.9206 0.9217 0.8939 0.9367 0.9352 0.8067 0.8615 0.8617 11120
0.8858 0.9210 0.9210 0.8863 0.9340 0.9323 0.7950 0.8594 0.8585 10328
0.8733 0.9218 0.9183 0.8733 0.9217 0.9196 0.7750 0.8483 0.8440 9584
0.8632 0.9219 0.9183 0.8637 0.9086 0.9072 0.7604 0.8359 0.8324 8976
0.8548 0.9171 0.9158 0.8552 0.8934 0.8917 0.7472 0.8168 0.8151 8640];
football_qcif_avg_mserdo=[0.9303 0.9447 0.9336 0.9738 0.9683 0.9776 0.9069 0.9146 0.9126 1064784
0.9191 0.9368 0.9248 0.9693 0.9629 0.9737 0.8922 0.9018 0.9003 941080
0.9058 0.9357 0.9247 0.9634 0.9561 0.9689 0.8744 0.8943 0.8957 850088
0.8941 0.9266 0.9172 0.9581 0.9498 0.9645 0.8590 0.8797 0.8843 770272
0.8792 0.9199 0.9108 0.9509 0.9415 0.9586 0.8389 0.8656 0.8728 671280
0.8650 0.9062 0.9002 0.9440 0.9335 0.9529 0.8202 0.8452 0.8575 592968
0.8511 0.9053 0.8997 0.9358 0.9253 0.9470 0.8010 0.8370 0.8516 531968
0.8355 0.8969 0.8933 0.9269 0.9169 0.9406 0.7796 0.8217 0.8399 462792
0.8212 0.8802 0.8836 0.9186 0.9076 0.9344 0.7599 0.7980 0.8252 406008
0.8091 0.8803 0.8823 0.9107 0.9003 0.9285 0.7427 0.7917 0.8188 365872
0.7914 0.8653 0.8725 0.8978 0.8883 0.9186 0.7172 0.7680 0.8011 312744
0.7784 0.8621 0.8737 0.8884 0.8800 0.9115 0.6980 0.7580 0.7960 278464
0.7594 0.8513 0.8654 0.8752 0.8670 0.9010 0.6713 0.7375 0.7793 239808
0.7395 0.8504 0.8656 0.8598 0.8535 0.8897 0.6426 0.7252 0.7698 206504
0.7193 0.8374 0.8545 0.8420 0.8367 0.8769 0.6126 0.7003 0.7490 178352];
