akiyo_qcif_avg_stvssimrdo=[0.9738 0.9749 0.9717 0.9731 0.9926 0.9938 0.9481 0.9678 0.9656 48840
0.9701 0.9741 0.9698 0.9697 0.9915 0.9927 0.9414 0.9659 0.9627 42208
0.9668 0.9746 0.9697 0.9663 0.9907 0.9921 0.9352 0.9655 0.9620 38072
0.9630 0.9713 0.9665 0.9622 0.9897 0.9908 0.9278 0.9613 0.9576 34696
0.9579 0.9683 0.9648 0.9580 0.9888 0.9902 0.9193 0.9574 0.9554 32336
0.9542 0.9649 0.9602 0.9539 0.9871 0.9893 0.9123 0.9525 0.9498 28952
0.9491 0.9652 0.9601 0.9487 0.9870 0.9884 0.9030 0.9527 0.9489 26880
0.9405 0.9646 0.9594 0.9402 0.9827 0.9856 0.8877 0.9480 0.9457 24560
0.9349 0.9584 0.9517 0.9347 0.9816 0.9847 0.8781 0.9408 0.9371 24208
0.9287 0.9573 0.9526 0.9297 0.9780 0.9815 0.8685 0.9362 0.9350 23072
0.9173 0.9544 0.9445 0.9175 0.9747 0.9793 0.8480 0.9303 0.9249 22512
0.9125 0.9549 0.9460 0.9139 0.9711 0.9776 0.8411 0.9276 0.9247 21512
0.8982 0.9515 0.9393 0.9009 0.9656 0.9707 0.8191 0.9188 0.9118 20136
0.8903 0.9526 0.9383 0.8913 0.9654 0.9700 0.8048 0.9197 0.9101 18040
0.8806 0.9478 0.9364 0.8819 0.9625 0.9686 0.7902 0.9123 0.9069 17408];
bridge_qcif_avg_stvssimrdo=[0.9400 0.8540 0.8749 0.9348 0.9821 0.9828 0.8817 0.8389 0.8600 129120
0.9330 0.8510 0.8704 0.9277 0.9792 0.9798 0.8691 0.8335 0.8530 98992
0.9277 0.8517 0.8712 0.9218 0.9775 0.9781 0.8589 0.8328 0.8523 87296
0.9215 0.8494 0.8677 0.9146 0.9757 0.9761 0.8474 0.8290 0.8472 69392
0.9130 0.8436 0.8654 0.9062 0.9736 0.9736 0.8329 0.8216 0.8429 54584
0.9031 0.8394 0.8657 0.8955 0.9683 0.9685 0.8151 0.8131 0.8387 43064
0.8930 0.8399 0.8657 0.8849 0.9656 0.9655 0.7978 0.8114 0.8361 34176
0.8819 0.8390 0.8586 0.8740 0.9608 0.9610 0.7797 0.8063 0.8252 28520
0.8688 0.8382 0.8582 0.8617 0.9567 0.9564 0.7603 0.8022 0.8209 21600
0.8610 0.8370 0.8577 0.8521 0.9536 0.9539 0.7464 0.7984 0.8183 18872
0.8412 0.8365 0.8555 0.8340 0.9453 0.9455 0.7172 0.7909 0.8090 13568
0.8207 0.8367 0.8554 0.8144 0.9388 0.9390 0.6883 0.7856 0.8033 13088
0.8185 0.8369 0.8533 0.8116 0.9399 0.9397 0.6850 0.7870 0.8021 11488
0.7991 0.8362 0.8537 0.7949 0.9265 0.9243 0.6588 0.7751 0.7893 10816
0.7835 0.8368 0.8518 0.7809 0.9151 0.9124 0.6402 0.7659 0.7775 9336];
carphone_qcif_avg_stvssimrdo=[0.9681 0.9543 0.9594 0.9680 0.9837 0.9853 0.9378 0.9387 0.9453 198200
0.9649 0.9481 0.9540 0.9648 0.9803 0.9825 0.9317 0.9294 0.9373 174576
0.9610 0.9493 0.9549 0.9609 0.9791 0.9812 0.9245 0.9294 0.9369 157768
0.9584 0.9463 0.9504 0.9584 0.9778 0.9797 0.9198 0.9252 0.9311 143056
0.9538 0.9436 0.9496 0.9534 0.9752 0.9770 0.9108 0.9201 0.9278 128208
0.9482 0.9344 0.9402 0.9483 0.9714 0.9730 0.9010 0.9075 0.9147 116152
0.9450 0.9355 0.9410 0.9449 0.9682 0.9698 0.8949 0.9056 0.9125 104776
0.9390 0.9361 0.9386 0.9384 0.9669 0.9673 0.8838 0.9049 0.9077 96840
0.9333 0.9297 0.9333 0.9330 0.9624 0.9634 0.8738 0.8944 0.8990 88408
0.9300 0.9297 0.9332 0.9293 0.9601 0.9625 0.8678 0.8923 0.8980 82656
0.9183 0.9275 0.9335 0.9169 0.9502 0.9508 0.8468 0.8809 0.8874 74416
0.9147 0.9249 0.9319 0.9134 0.9520 0.9519 0.8413 0.8800 0.8869 69672
0.9048 0.9244 0.9211 0.9040 0.9436 0.9440 0.8248 0.8719 0.8694 63976
0.9003 0.9285 0.9208 0.8985 0.9421 0.9410 0.8164 0.8744 0.8664 57904
0.8875 0.9173 0.9209 0.8852 0.9390 0.9374 0.7951 0.8611 0.8633 55336];
coastguard_qcif_avg_stvssimrdo=[0.9259 0.9687 0.9757 0.9290 0.9807 0.9819 0.8623 0.9498 0.9580 569280
0.9155 0.9643 0.9745 0.9190 0.9775 0.9789 0.8440 0.9424 0.9538 490152
0.9032 0.9645 0.9749 0.9073 0.9744 0.9761 0.8230 0.9397 0.9514 425352
0.8924 0.9622 0.9742 0.8969 0.9716 0.9735 0.8047 0.9346 0.9482 377752
0.8763 0.9611 0.9718 0.8810 0.9665 0.9686 0.7778 0.9287 0.9410 325224
0.8647 0.9576 0.9684 0.8694 0.9627 0.9651 0.7585 0.9215 0.9343 281832
0.8485 0.9581 0.9682 0.8535 0.9576 0.9603 0.7328 0.9170 0.9294 243312
0.8326 0.9572 0.9692 0.8374 0.9528 0.9561 0.7073 0.9116 0.9263 206744
0.8189 0.9558 0.9653 0.8241 0.9463 0.9495 0.6859 0.9039 0.9160 178344
0.8035 0.9557 0.9644 0.8088 0.9415 0.9451 0.6630 0.8991 0.9109 159688
0.7795 0.9495 0.9648 0.7841 0.9324 0.9368 0.6270 0.8848 0.9032 134600
0.7664 0.9510 0.9646 0.7711 0.9272 0.9318 0.6084 0.8812 0.8982 119360
0.7494 0.9513 0.9637 0.7534 0.9177 0.9224 0.5830 0.8721 0.8882 109000
0.7326 0.9510 0.9641 0.7368 0.9064 0.9123 0.5596 0.8610 0.8787 96480
0.7130 0.9490 0.9635 0.7159 0.8969 0.9023 0.5334 0.8499 0.8684 84288];
container_qcif_avg_stvssimrdo=[0.9421 0.9665 0.9662 0.9410 0.9810 0.9787 0.8893 0.9481 0.9456 58304
0.9388 0.9633 0.9641 0.9375 0.9789 0.9769 0.8832 0.9430 0.9418 48176
0.9364 0.9627 0.9632 0.9350 0.9770 0.9749 0.8788 0.9405 0.9390 41968
0.9320 0.9557 0.9592 0.9308 0.9753 0.9735 0.8714 0.9320 0.9338 36776
0.9281 0.9531 0.9570 0.9268 0.9726 0.9707 0.8644 0.9269 0.9290 32008
0.9238 0.9476 0.9505 0.9224 0.9701 0.9675 0.8569 0.9192 0.9196 29440
0.9205 0.9482 0.9500 0.9194 0.9678 0.9650 0.8512 0.9175 0.9167 24808
0.9142 0.9427 0.9471 0.9128 0.9620 0.9604 0.8401 0.9067 0.9095 22624
0.9096 0.9370 0.9441 0.9080 0.9574 0.9549 0.8321 0.8966 0.9015 21224
0.9043 0.9367 0.9419 0.9026 0.9540 0.9515 0.8227 0.8931 0.8961 22384
0.8973 0.9331 0.9292 0.8962 0.9457 0.9437 0.8116 0.8818 0.8767 17888
0.8908 0.9324 0.9290 0.8897 0.9418 0.9397 0.8017 0.8774 0.8727 18200
0.8827 0.9283 0.9267 0.8814 0.9361 0.9347 0.7882 0.8679 0.8661 18088
0.8721 0.9272 0.9286 0.8717 0.9213 0.9199 0.7734 0.8527 0.8540 15768
0.8604 0.9234 0.9263 0.8594 0.9192 0.9175 0.7552 0.8470 0.8492 15224];
football_qcif_avg_stvssimrdo=[0.9293 0.9547 0.9492 0.9611 0.9627 0.9842 0.8943 0.9190 0.9342 1241048
0.9211 0.9491 0.9433 0.9559 0.9574 0.9819 0.8818 0.9086 0.9262 1120920
0.9090 0.9488 0.9428 0.9488 0.9518 0.9792 0.8644 0.9031 0.9232 1029128
0.9003 0.9420 0.9386 0.9429 0.9464 0.9769 0.8511 0.8914 0.9169 955344
0.8853 0.9364 0.9335 0.9331 0.9371 0.9725 0.8290 0.8774 0.9078 848832
0.8757 0.9274 0.9258 0.9269 0.9304 0.9695 0.8151 0.8627 0.8977 773768
0.8635 0.9280 0.9251 0.9184 0.9238 0.9659 0.7969 0.8572 0.8937 708408
0.8506 0.9206 0.9212 0.9086 0.9150 0.9615 0.7773 0.8422 0.8859 630904
0.8370 0.9098 0.9139 0.8984 0.9062 0.9572 0.7571 0.8243 0.8750 564144
0.8280 0.9141 0.9146 0.8912 0.8990 0.9533 0.7430 0.8216 0.8721 529288
0.8094 0.9043 0.9056 0.8762 0.8858 0.9462 0.7155 0.8009 0.8572 460464
0.7994 0.9033 0.9092 0.8676 0.8797 0.9422 0.7002 0.7945 0.8569 427624
0.7863 0.8936 0.9023 0.8564 0.8709 0.9370 0.6803 0.7784 0.8458 382800
0.7716 0.8940 0.9032 0.8433 0.8563 0.9290 0.6579 0.7653 0.8394 346816
0.7540 0.8821 0.8984 0.8262 0.8436 0.9225 0.6306 0.7442 0.8293 308936];
foreman_qcif_avg_stvssimrdo=[0.9571 0.9326 0.9648 0.9608 0.9901 0.9913 0.9208 0.9233 0.9565 248512
0.9530 0.9285 0.9629 0.9571 0.9888 0.9903 0.9135 0.9180 0.9536 216960
0.9483 0.9295 0.9627 0.9531 0.9877 0.9892 0.9056 0.9180 0.9524 194008
0.9448 0.9239 0.9602 0.9497 0.9862 0.9878 0.8992 0.9111 0.9486 173312
0.9393 0.9204 0.9572 0.9447 0.9843 0.9861 0.8896 0.9059 0.9440 155312
0.9350 0.9157 0.9514 0.9408 0.9832 0.9853 0.8821 0.9003 0.9376 143184
0.9295 0.9156 0.9518 0.9355 0.9804 0.9831 0.8723 0.8977 0.9358 130984
0.9236 0.9130 0.9507 0.9301 0.9793 0.9819 0.8623 0.8941 0.9337 120024
0.9193 0.9086 0.9479 0.9262 0.9761 0.9792 0.8549 0.8869 0.9284 111888
0.9139 0.9087 0.9469 0.9210 0.9743 0.9775 0.8457 0.8853 0.9259 104704
0.9030 0.9024 0.9411 0.9108 0.9697 0.9743 0.8275 0.8751 0.9173 94928
0.9000 0.9032 0.9420 0.9081 0.9721 0.9755 0.8226 0.8780 0.9192 91304
0.8917 0.8995 0.9380 0.8999 0.9668 0.9710 0.8086 0.8698 0.9113 85560
0.8806 0.9000 0.9401 0.8892 0.9612 0.9669 0.7908 0.8651 0.9095 82072
0.8725 0.8966 0.9342 0.8808 0.9562 0.9622 0.7769 0.8577 0.8995 76672];
