akiyo_qcif_avg_stvssimrdo=[0.9678 0.9744 0.9699 0.9701 0.9884 0.9885 0.9398 0.9631 0.9588 19968
0.9635 0.9739 0.9681 0.9663 0.9867 0.9870 0.9323 0.9610 0.9555 18064
0.9612 0.9735 0.9678 0.9637 0.9858 0.9860 0.9277 0.9597 0.9542 16256
0.9568 0.9707 0.9665 0.9594 0.9833 0.9840 0.9195 0.9545 0.9510 15440
0.9495 0.9665 0.9630 0.9523 0.9817 0.9830 0.9065 0.9488 0.9465 13480
0.9478 0.9620 0.9557 0.9501 0.9803 0.9817 0.9029 0.9431 0.9382 12968
0.9399 0.9619 0.9571 0.9420 0.9784 0.9795 0.8887 0.9411 0.9373 12496
0.9361 0.9635 0.9567 0.9382 0.9747 0.9762 0.8819 0.9392 0.9338 12648
0.9252 0.9560 0.9470 0.9280 0.9697 0.9714 0.8634 0.9270 0.9199 11248
0.9184 0.9570 0.9466 0.9212 0.9700 0.9710 0.8524 0.9284 0.9191 10264
0.9057 0.9526 0.9394 0.9086 0.9644 0.9655 0.8310 0.9187 0.9068 10616
0.8943 0.9524 0.9399 0.8973 0.9536 0.9574 0.8115 0.9083 0.8997 11152
0.8858 0.9473 0.9337 0.8890 0.9539 0.9544 0.7987 0.9035 0.8911 9888
0.8704 0.9471 0.9333 0.8741 0.9387 0.9394 0.7754 0.8891 0.8767 8472
0.8623 0.9423 0.9264 0.8660 0.9399 0.9429 0.7624 0.8855 0.8734 8232];
bridge_qcif_avg_stvssimrdo=[0.9192 0.8508 0.8733 0.9207 0.9695 0.9702 0.8542 0.8252 0.8476 19232
0.9140 0.8479 0.8689 0.9150 0.9668 0.9674 0.8445 0.8202 0.8410 13416
0.9067 0.8482 0.8691 0.9075 0.9633 0.9641 0.8314 0.8175 0.8383 13632
0.9008 0.8442 0.8668 0.9011 0.9613 0.9620 0.8209 0.8119 0.8343 9976
0.8902 0.8408 0.8648 0.8905 0.9549 0.9556 0.8029 0.8033 0.8269 8256
0.8840 0.8374 0.8638 0.8830 0.9488 0.9496 0.7909 0.7949 0.8208 6744
0.8739 0.8372 0.8638 0.8732 0.9434 0.9437 0.7750 0.7903 0.8158 6872
0.8569 0.8366 0.8575 0.8560 0.9333 0.9343 0.7482 0.7813 0.8014 6232
0.8478 0.8369 0.8562 0.8472 0.9279 0.9280 0.7337 0.7769 0.7949 6216
0.8376 0.8370 0.8561 0.8358 0.9233 0.9237 0.7174 0.7732 0.7911 5456
0.8204 0.8344 0.8540 0.8186 0.9153 0.9160 0.6925 0.7641 0.7829 5824
0.8073 0.8348 0.8532 0.8061 0.9048 0.9063 0.6735 0.7556 0.7736 5184
0.7893 0.8341 0.8521 0.7877 0.8961 0.8972 0.6477 0.7479 0.7651 4984
0.7698 0.8341 0.8518 0.7696 0.8820 0.8814 0.6226 0.7360 0.7513 5120
0.7578 0.8372 0.8513 0.7570 0.8769 0.8760 0.6062 0.7347 0.7461 5264];
bus_qcif_avg_stvssimrdo=[0.9536 0.9835 0.9858 0.9758 0.9866 0.9871 0.9319 0.9704 0.9732 414144
0.9484 0.9826 0.9847 0.9733 0.9862 0.9867 0.9244 0.9691 0.9717 373536
0.9424 0.9819 0.9839 0.9701 0.9846 0.9852 0.9158 0.9669 0.9693 336416
0.9376 0.9809 0.9827 0.9692 0.9844 0.9850 0.9100 0.9656 0.9680 314376
0.9294 0.9804 0.9821 0.9658 0.9821 0.9827 0.8992 0.9628 0.9652 277824
0.9208 0.9769 0.9780 0.9597 0.9818 0.9825 0.8853 0.9592 0.9609 253896
0.9079 0.9756 0.9771 0.9516 0.9785 0.9793 0.8657 0.9547 0.9568 228000
0.8908 0.9719 0.9744 0.9417 0.9756 0.9765 0.8406 0.9484 0.9516 199608
0.8792 0.9669 0.9696 0.9332 0.9715 0.9726 0.8227 0.9396 0.9431 177656
0.8668 0.9674 0.9688 0.9244 0.9702 0.9713 0.8039 0.9389 0.9412 163944
0.8495 0.9633 0.9662 0.9123 0.9682 0.9694 0.7786 0.9331 0.9368 140584
0.8306 0.9649 0.9670 0.9002 0.9635 0.9650 0.7527 0.9301 0.9333 127240
0.8096 0.9554 0.9641 0.8826 0.9603 0.9618 0.7221 0.9183 0.9274 111688
0.7786 0.9552 0.9634 0.8605 0.9540 0.9557 0.6811 0.9123 0.9210 95776
0.7560 0.9530 0.9618 0.8406 0.9435 0.9457 0.6456 0.9004 0.9098 90576];
carphone_qcif_avg_stvssimrdo=[0.9524 0.9488 0.9550 0.9523 0.9728 0.9744 0.9086 0.9229 0.9305 81272
0.9516 0.9453 0.9509 0.9515 0.9731 0.9746 0.9069 0.9199 0.9267 73072
0.9459 0.9440 0.9503 0.9452 0.9699 0.9716 0.8962 0.9155 0.9232 63560
0.9434 0.9408 0.9471 0.9424 0.9668 0.9684 0.8911 0.9095 0.9170 60464
0.9370 0.9374 0.9448 0.9362 0.9646 0.9659 0.8798 0.9041 0.9124 51216
0.9312 0.9299 0.9334 0.9303 0.9627 0.9640 0.8695 0.8950 0.8996 46184
0.9272 0.9303 0.9354 0.9271 0.9589 0.9605 0.8629 0.8918 0.8984 43344
0.9200 0.9272 0.9351 0.9193 0.9558 0.9575 0.8499 0.8860 0.8952 38840
0.9129 0.9213 0.9304 0.9114 0.9510 0.9528 0.8371 0.8758 0.8863 36224
0.9074 0.9203 0.9280 0.9074 0.9486 0.9509 0.8288 0.8727 0.8824 32448
0.8970 0.9189 0.9285 0.8972 0.9421 0.9438 0.8119 0.8654 0.8761 30064
0.8900 0.9176 0.9247 0.8880 0.9374 0.9389 0.7992 0.8599 0.8682 27576
0.8818 0.9156 0.9108 0.8796 0.9326 0.9351 0.7853 0.8536 0.8518 25128
0.8629 0.9136 0.9144 0.8614 0.9201 0.9219 0.7567 0.8405 0.8435 23408
0.8548 0.9082 0.9112 0.8495 0.9173 0.9188 0.7403 0.8332 0.8374 22232];
coastguard_qcif_avg_stvssimrdo=[0.8561 0.9727 0.9774 0.8711 0.9398 0.9412 0.7526 0.9135 0.9194 199392
0.8421 0.9690 0.9769 0.8583 0.9283 0.9300 0.7305 0.8986 0.9077 164640
0.8344 0.9685 0.9768 0.8496 0.9332 0.9351 0.7166 0.9031 0.9128 145152
0.8185 0.9668 0.9762 0.8340 0.9257 0.9281 0.6916 0.8941 0.9054 121320
0.7954 0.9656 0.9747 0.8124 0.9111 0.9138 0.6579 0.8786 0.8898 96408
0.7807 0.9646 0.9714 0.7986 0.9064 0.9095 0.6368 0.8734 0.8824 82368
0.7600 0.9649 0.9712 0.7763 0.8876 0.8907 0.6059 0.8549 0.8637 66872
0.7466 0.9620 0.9732 0.7626 0.8892 0.8929 0.5866 0.8541 0.8680 58328
0.7236 0.9622 0.9716 0.7393 0.8677 0.8712 0.5550 0.8330 0.8450 48104
0.7047 0.9620 0.9696 0.7197 0.8447 0.8490 0.5304 0.8103 0.8215 40960
0.6791 0.9608 0.9699 0.6941 0.8303 0.8356 0.4965 0.7963 0.8094 35200
0.6608 0.9604 0.9697 0.6722 0.8116 0.8175 0.4707 0.7781 0.7917 30008
0.6249 0.9584 0.9678 0.6340 0.7712 0.7768 0.4264 0.7361 0.7498 22840
0.6103 0.9577 0.9682 0.6159 0.7639 0.7709 0.4090 0.7290 0.7448 20248
0.5822 0.9600 0.9677 0.5866 0.7389 0.7449 0.3782 0.7059 0.7184 15808];
container_qcif_avg_stvssimrdo=[0.9293 0.9671 0.9657 0.9339 0.9656 0.9640 0.8728 0.9337 0.9308 15872
0.9288 0.9618 0.9630 0.9322 0.9671 0.9657 0.8706 0.9301 0.9298 14848
0.9260 0.9641 0.9633 0.9297 0.9656 0.9640 0.8663 0.9309 0.9284 13512
0.9203 0.9555 0.9568 0.9249 0.9623 0.9609 0.8575 0.9192 0.9191 11440
0.9187 0.9523 0.9531 0.9226 0.9622 0.9605 0.8538 0.9161 0.9153 10800
0.9148 0.9472 0.9505 0.9187 0.9565 0.9548 0.8471 0.9057 0.9073 10160
0.9130 0.9466 0.9506 0.9166 0.9537 0.9522 0.8429 0.9025 0.9050 9912
0.9070 0.9417 0.9436 0.9105 0.9497 0.9481 0.8328 0.8940 0.8946 9592
0.9044 0.9371 0.9384 0.9074 0.9471 0.9452 0.8274 0.8871 0.8868 9296
0.8957 0.9364 0.9385 0.8996 0.9391 0.9376 0.8143 0.8786 0.8796 8680
0.8887 0.9265 0.9278 0.8922 0.9307 0.9292 0.8025 0.8620 0.8621 8384
0.8857 0.9265 0.9266 0.8888 0.9283 0.9270 0.7966 0.8591 0.8584 8112
0.8732 0.9239 0.9250 0.8760 0.9151 0.9141 0.7779 0.8442 0.8450 7528
0.8655 0.9240 0.9263 0.8690 0.9057 0.9042 0.7659 0.8356 0.8369 7312
0.8540 0.9220 0.9223 0.8572 0.8895 0.8890 0.7494 0.8184 0.8189 7432];
football_qcif_avg_stvssimrdo=[0.9250 0.9502 0.9407 0.9680 0.9667 0.9756 0.8963 0.9184 0.9176 1112360
0.9152 0.9438 0.9341 0.9638 0.9618 0.9720 0.8832 0.9076 0.9078 998656
0.9042 0.9432 0.9334 0.9578 0.9552 0.9671 0.8675 0.9007 0.9026 908424
0.8925 0.9362 0.9256 0.9512 0.9487 0.9624 0.8508 0.8879 0.8907 831344
0.8794 0.9310 0.9209 0.9449 0.9406 0.9564 0.8332 0.8754 0.8805 733048
0.8673 0.9199 0.9113 0.9366 0.9294 0.9474 0.8149 0.8545 0.8631 652464
0.8519 0.9204 0.9113 0.9283 0.9235 0.9440 0.7943 0.8495 0.8599 590440
0.8371 0.9132 0.9039 0.9186 0.9135 0.9357 0.7728 0.8339 0.8455 515064
0.8229 0.9040 0.8987 0.9090 0.9033 0.9287 0.7526 0.8159 0.8344 457504
0.8096 0.9003 0.8982 0.8992 0.8942 0.9210 0.7329 0.8043 0.8269 415936
0.7865 0.8917 0.8888 0.8844 0.8832 0.9122 0.7012 0.7869 0.8104 350768
0.7712 0.8899 0.8883 0.8710 0.8691 0.8999 0.6775 0.7727 0.7990 312832
0.7502 0.8781 0.8821 0.8524 0.8507 0.8840 0.6456 0.7464 0.7796 266544
0.7328 0.8769 0.8806 0.8396 0.8432 0.8781 0.6215 0.7390 0.7732 235240
0.7091 0.8677 0.8765 0.8168 0.8263 0.8652 0.5860 0.7165 0.7581 198384];
