akiyo_qcif_avg_stvssimrdo=[0.9703 0.9749 0.9710 0.9705 0.9909 0.9921 0.9426 0.9660 0.9634 22864
0.9678 0.9741 0.9689 0.9680 0.9905 0.9915 0.9377 0.9650 0.9607 22248
0.9654 0.9745 0.9694 0.9655 0.9897 0.9910 0.9332 0.9644 0.9606 20016
0.9608 0.9713 0.9658 0.9609 0.9888 0.9901 0.9246 0.9606 0.9562 18312
0.9552 0.9672 0.9642 0.9554 0.9873 0.9889 0.9145 0.9549 0.9535 15904
0.9509 0.9639 0.9559 0.9511 0.9859 0.9881 0.9069 0.9504 0.9445 15752
0.9417 0.9631 0.9563 0.9419 0.9836 0.9859 0.8903 0.9474 0.9427 14304
0.9365 0.9624 0.9559 0.9369 0.9810 0.9843 0.8813 0.9442 0.9408 13104
0.9326 0.9567 0.9497 0.9328 0.9788 0.9820 0.8745 0.9365 0.9326 13456
0.9243 0.9578 0.9498 0.9249 0.9761 0.9803 0.8606 0.9351 0.9310 12776
0.9087 0.9531 0.9393 0.9096 0.9734 0.9771 0.8351 0.9279 0.9179 12640
0.9010 0.9535 0.9399 0.9018 0.9676 0.9728 0.8212 0.9228 0.9144 11472
0.8932 0.9495 0.9350 0.8949 0.9603 0.9661 0.8097 0.9120 0.9032 11112
0.8805 0.9500 0.9356 0.8815 0.9613 0.9641 0.7893 0.9133 0.9020 11920
0.8743 0.9448 0.9335 0.8755 0.9562 0.9623 0.7806 0.9035 0.8983 9944];
bridge_qcif_avg_stvssimrdo=[0.9256 0.8531 0.8740 0.9238 0.9796 0.9800 0.8625 0.8359 0.8568 33960
0.9187 0.8479 0.8689 0.9170 0.9759 0.9760 0.8505 0.8278 0.8484 20216
0.9116 0.8489 0.8692 0.9094 0.9738 0.9743 0.8371 0.8270 0.8471 24288
0.9045 0.8457 0.8670 0.9022 0.9717 0.9718 0.8251 0.8221 0.8429 14448
0.8947 0.8430 0.8657 0.8927 0.9687 0.9684 0.8088 0.8169 0.8387 12112
0.8887 0.8392 0.8641 0.8862 0.9650 0.9652 0.7979 0.8102 0.8343 8992
0.8811 0.8372 0.8640 0.8786 0.9614 0.9608 0.7853 0.8052 0.8305 9176
0.8672 0.8356 0.8578 0.8645 0.9572 0.9573 0.7628 0.8003 0.8213 8240
0.8572 0.8368 0.8576 0.8543 0.9525 0.9526 0.7471 0.7975 0.8172 8440
0.8465 0.8357 0.8551 0.8436 0.9514 0.9514 0.7300 0.7955 0.8138 7744
0.8341 0.8349 0.8546 0.8318 0.9451 0.9443 0.7124 0.7892 0.8072 7360
0.8120 0.8348 0.8535 0.8101 0.9361 0.9365 0.6801 0.7818 0.7996 6008
0.7982 0.8338 0.8536 0.7953 0.9334 0.9326 0.6594 0.7786 0.7964 6880
0.7845 0.8349 0.8520 0.7816 0.9250 0.9235 0.6407 0.7725 0.7869 6816
0.7584 0.8372 0.8517 0.7570 0.9179 0.9161 0.6077 0.7689 0.7805 6744];
bus_qcif_avg_stvssimrdo=[0.9654 0.9848 0.9873 0.9723 0.9884 0.9891 0.9404 0.9734 0.9765 443856
0.9627 0.9844 0.9855 0.9700 0.9903 0.9908 0.9350 0.9749 0.9765 405712
0.9581 0.9836 0.9858 0.9664 0.9868 0.9876 0.9276 0.9707 0.9736 370200
0.9528 0.9824 0.9845 0.9626 0.9862 0.9870 0.9190 0.9689 0.9717 342608
0.9466 0.9825 0.9833 0.9579 0.9874 0.9880 0.9083 0.9701 0.9715 304664
0.9370 0.9775 0.9791 0.9499 0.9822 0.9833 0.8926 0.9601 0.9628 279088
0.9262 0.9778 0.9788 0.9400 0.9822 0.9831 0.8732 0.9605 0.9623 252232
0.9102 0.9732 0.9735 0.9266 0.9806 0.9814 0.8465 0.9543 0.9555 220880
0.8970 0.9710 0.9696 0.9146 0.9745 0.9757 0.8245 0.9465 0.9461 198888
0.8877 0.9715 0.9711 0.9060 0.9733 0.9744 0.8089 0.9458 0.9465 183504
0.8664 0.9652 0.9677 0.8862 0.9683 0.9696 0.7744 0.9349 0.9385 159448
0.8551 0.9634 0.9689 0.8748 0.9659 0.9674 0.7551 0.9309 0.9376 145104
0.8377 0.9571 0.9643 0.8577 0.9633 0.9647 0.7275 0.9224 0.9304 129280
0.8196 0.9601 0.9675 0.8419 0.9572 0.9587 0.7004 0.9194 0.9277 115672
0.7971 0.9536 0.9631 0.8199 0.9525 0.9540 0.6666 0.9092 0.9191 106680];
carphone_qcif_avg_stvssimrdo=[0.9620 0.9506 0.9566 0.9617 0.9778 0.9796 0.9263 0.9294 0.9370 103032
0.9591 0.9472 0.9515 0.9587 0.9787 0.9797 0.9209 0.9270 0.9321 89736
0.9551 0.9459 0.9517 0.9547 0.9770 0.9783 0.9136 0.9241 0.9309 81104
0.9511 0.9427 0.9477 0.9508 0.9740 0.9746 0.9062 0.9181 0.9236 73024
0.9458 0.9405 0.9444 0.9455 0.9730 0.9736 0.8966 0.9150 0.9193 63760
0.9423 0.9312 0.9356 0.9418 0.9711 0.9714 0.8903 0.9041 0.9087 58904
0.9368 0.9325 0.9366 0.9362 0.9687 0.9683 0.8803 0.9031 0.9068 54080
0.9316 0.9301 0.9354 0.9310 0.9666 0.9661 0.8711 0.8989 0.9035 48672
0.9235 0.9224 0.9312 0.9228 0.9604 0.9603 0.8568 0.8855 0.8941 44264
0.9204 0.9227 0.9312 0.9198 0.9587 0.9590 0.8516 0.8842 0.8929 41552
0.9114 0.9223 0.9300 0.9110 0.9565 0.9568 0.8369 0.8817 0.8897 37072
0.9048 0.9210 0.9274 0.9040 0.9554 0.9549 0.8255 0.8794 0.8855 34288
0.8932 0.9185 0.9133 0.8920 0.9484 0.9486 0.8058 0.8708 0.8661 31808
0.8826 0.9173 0.9171 0.8809 0.9428 0.9433 0.7900 0.8646 0.8654 29496
0.8732 0.9146 0.9169 0.8712 0.9377 0.9354 0.7739 0.8572 0.8578 29000];
coastguard_qcif_avg_stvssimrdo=[0.8947 0.9731 0.9786 0.8957 0.9677 0.9690 0.8055 0.9413 0.9479 271392
0.8817 0.9691 0.9782 0.8832 0.9617 0.9632 0.7838 0.9314 0.9418 227048
0.8669 0.9687 0.9777 0.8683 0.9587 0.9604 0.7588 0.9281 0.9386 186080
0.8554 0.9673 0.9767 0.8572 0.9553 0.9576 0.7406 0.9235 0.9348 163032
0.8335 0.9657 0.9749 0.8349 0.9484 0.9507 0.7053 0.9152 0.9262 132936
0.8191 0.9637 0.9729 0.8207 0.9438 0.9464 0.6831 0.9088 0.9202 113088
0.7996 0.9643 0.9727 0.8006 0.9369 0.9399 0.6530 0.9026 0.9135 97848
0.7782 0.9615 0.9741 0.7792 0.9208 0.9241 0.6228 0.8842 0.8992 80304
0.7669 0.9618 0.9709 0.7677 0.9240 0.9275 0.6056 0.8877 0.8996 71040
0.7495 0.9625 0.9705 0.7502 0.9072 0.9108 0.5820 0.8718 0.8827 63352
0.7216 0.9601 0.9708 0.7219 0.8999 0.9048 0.5443 0.8627 0.8772 51480
0.7034 0.9607 0.9705 0.7037 0.9001 0.9057 0.5199 0.8638 0.8780 44128
0.6782 0.9585 0.9679 0.6779 0.8634 0.8686 0.4891 0.8253 0.8388 39528
0.6558 0.9597 0.9686 0.6545 0.8349 0.8416 0.4606 0.7985 0.8129 33256
0.6194 0.9568 0.9670 0.6181 0.7972 0.8031 0.4211 0.7590 0.7736 23832];
container_qcif_avg_stvssimrdo=[0.9364 0.9666 0.9655 0.9364 0.9771 0.9754 0.8813 0.9444 0.9417 21944
0.9325 0.9628 0.9631 0.9324 0.9742 0.9723 0.8745 0.9378 0.9363 19040
0.9310 0.9626 0.9631 0.9310 0.9745 0.9727 0.8716 0.9379 0.9367 16712
0.9277 0.9551 0.9578 0.9278 0.9718 0.9700 0.8661 0.9280 0.9291 14992
0.9253 0.9541 0.9554 0.9252 0.9716 0.9697 0.8613 0.9270 0.9264 13432
0.9209 0.9479 0.9504 0.9209 0.9666 0.9648 0.8538 0.9161 0.9169 12672
0.9172 0.9488 0.9516 0.9172 0.9652 0.9628 0.8471 0.9156 0.9162 11616
0.9117 0.9430 0.9452 0.9114 0.9593 0.9576 0.8375 0.9044 0.9053 11112
0.9063 0.9358 0.9398 0.9063 0.9571 0.9552 0.8290 0.8954 0.8978 10856
0.9016 0.9360 0.9388 0.9014 0.9534 0.9516 0.8206 0.8920 0.8934 10512
0.8940 0.9273 0.9283 0.8942 0.9425 0.9411 0.8084 0.8733 0.8734 11632
0.8859 0.9264 0.9273 0.8858 0.9336 0.9324 0.7952 0.8637 0.8641 9032
0.8770 0.9252 0.9249 0.8774 0.9314 0.9294 0.7820 0.8606 0.8594 9352
0.8643 0.9252 0.9245 0.8647 0.9183 0.9170 0.7634 0.8482 0.8474 8792
0.8576 0.9196 0.9234 0.8577 0.9095 0.9086 0.7521 0.8349 0.8387 8368];
football_qcif_avg_stvssimrdo=[0.9331 0.9517 0.9425 0.9580 0.9555 0.9809 0.8953 0.9091 0.9245 1170496
0.9245 0.9460 0.9345 0.9524 0.9492 0.9779 0.8822 0.8977 0.9139 1055584
0.9147 0.9453 0.9345 0.9458 0.9431 0.9748 0.8671 0.8912 0.9110 962856
0.9046 0.9387 0.9275 0.9389 0.9372 0.9722 0.8518 0.8793 0.9017 883992
0.8909 0.9323 0.9226 0.9285 0.9265 0.9668 0.8305 0.8635 0.8920 782344
0.8799 0.9229 0.9138 0.9208 0.9185 0.9631 0.8140 0.8474 0.8804 704016
0.8678 0.9239 0.9125 0.9114 0.9108 0.9590 0.7954 0.8410 0.8752 636888
0.8539 0.9161 0.9066 0.9013 0.9034 0.9554 0.7748 0.8274 0.8664 568504
0.8397 0.9053 0.8997 0.8899 0.8914 0.9498 0.7528 0.8067 0.8550 502648
0.8253 0.9049 0.8994 0.8779 0.8801 0.9433 0.7309 0.7958 0.8487 458488
0.8054 0.8950 0.8910 0.8612 0.8662 0.9359 0.7013 0.7747 0.8344 393872
0.7927 0.8955 0.8897 0.8498 0.8601 0.9317 0.6817 0.7699 0.8296 355200
0.7744 0.8828 0.8839 0.8329 0.8373 0.9209 0.6538 0.7387 0.8146 312376
0.7540 0.8835 0.8831 0.8144 0.8243 0.9115 0.6235 0.7281 0.8059 271720
0.7351 0.8743 0.8786 0.7959 0.8092 0.9044 0.5950 0.7074 0.7955 236576];
