akiyo_qcif_avg_stvssimrdo=[0.9554 0.9727 0.9691 0.9622 0.9772 0.9776 0.9230 0.9505 0.9475 12016
0.9517 0.9730 0.9658 0.9578 0.9750 0.9757 0.9152 0.9487 0.9423 11144
0.9492 0.9729 0.9658 0.9552 0.9752 0.9755 0.9106 0.9487 0.9421 10880
0.9447 0.9689 0.9627 0.9513 0.9730 0.9736 0.9030 0.9427 0.9372 10056
0.9390 0.9654 0.9624 0.9458 0.9722 0.9732 0.8930 0.9386 0.9365 9328
0.9325 0.9598 0.9555 0.9389 0.9744 0.9751 0.8807 0.9353 0.9317 8640
0.9244 0.9605 0.9551 0.9309 0.9697 0.9710 0.8661 0.9313 0.9274 8584
0.9145 0.9615 0.9504 0.9214 0.9663 0.9683 0.8500 0.9292 0.9203 8152
0.9126 0.9543 0.9462 0.9181 0.9663 0.9673 0.8450 0.9223 0.9152 8136
0.8979 0.9537 0.9455 0.9057 0.9601 0.9624 0.8231 0.9159 0.9100 7232
0.8853 0.9509 0.9372 0.8930 0.9548 0.9565 0.8025 0.9080 0.8962 7088
0.8712 0.9500 0.9357 0.8790 0.9430 0.9483 0.7795 0.8961 0.8872 6536
0.8572 0.9456 0.9302 0.8645 0.9319 0.9361 0.7570 0.8813 0.8707 6464
0.8547 0.9435 0.9291 0.8612 0.9340 0.9354 0.7528 0.8816 0.8690 6272
0.8385 0.9397 0.9253 0.8446 0.9266 0.9303 0.7297 0.8706 0.8604 6048];
bridge_qcif_avg_stvssimrdo=[0.9145 0.8505 0.8708 0.9164 0.9644 0.9651 0.8473 0.8206 0.8408 11528
0.9072 0.8483 0.8687 0.9089 0.9619 0.9624 0.8341 0.8163 0.8365 9552
0.8993 0.8476 0.8690 0.9005 0.9576 0.9583 0.8198 0.8121 0.8332 9232
0.8922 0.8462 0.8655 0.8931 0.9536 0.9541 0.8076 0.8074 0.8263 6456
0.8840 0.8409 0.8633 0.8849 0.9504 0.9511 0.7937 0.7995 0.8216 6264
0.8758 0.8393 0.8639 0.8757 0.9442 0.9447 0.7791 0.7928 0.8166 5280
0.8639 0.8399 0.8639 0.8636 0.9369 0.9380 0.7600 0.7875 0.8110 5136
0.8510 0.8379 0.8582 0.8504 0.9283 0.9286 0.7397 0.7782 0.7974 4848
0.8389 0.8368 0.8558 0.8388 0.9261 0.9270 0.7208 0.7754 0.7939 4744
0.8288 0.8357 0.8549 0.8277 0.9196 0.9197 0.7049 0.7689 0.7866 4744
0.8115 0.8350 0.8551 0.8109 0.9109 0.9124 0.6797 0.7609 0.7806 4736
0.7953 0.8348 0.8541 0.7950 0.9005 0.9016 0.6564 0.7519 0.7705 4752
0.7824 0.8362 0.8532 0.7815 0.8946 0.8958 0.6378 0.7485 0.7648 4680
0.7589 0.8359 0.8525 0.7594 0.8807 0.8795 0.6076 0.7368 0.7505 4680
0.7381 0.8339 0.8507 0.7384 0.8712 0.8705 0.5786 0.7266 0.7406 4696];
bus_qcif_avg_stvssimrdo=[0.7463 0.9686 0.9655 0.8015 0.9196 0.9211 0.6732 0.8913 0.8899 217440
0.7276 0.9679 0.9625 0.7911 0.9051 0.9073 0.6512 0.8760 0.8741 183504
0.6876 0.9618 0.9568 0.7426 0.8025 0.8062 0.6058 0.7728 0.7728 148512
0.6913 0.9637 0.9554 0.7598 0.8394 0.8419 0.6094 0.8091 0.8054 137040
0.6687 0.9598 0.9516 0.7353 0.7977 0.8018 0.5832 0.7665 0.7644 113936
0.6473 0.9528 0.9490 0.7139 0.7907 0.7945 0.5564 0.7537 0.7552 98328
0.6343 0.9541 0.9483 0.7020 0.7695 0.7735 0.5382 0.7340 0.7341 87720
0.6140 0.9524 0.9448 0.6832 0.7654 0.7699 0.5107 0.7299 0.7283 76904
0.5929 0.9468 0.9426 0.6594 0.7571 0.7619 0.4797 0.7190 0.7189 66736
0.5781 0.9508 0.9429 0.6464 0.7425 0.7480 0.4602 0.7069 0.7059 58952
0.5557 0.9422 0.9404 0.6257 0.7489 0.7542 0.4303 0.7095 0.7097 50840
0.5383 0.9405 0.9404 0.6082 0.7422 0.7474 0.4056 0.7034 0.7035 43000
0.5174 0.9373 0.9412 0.5737 0.7409 0.7462 0.3777 0.6996 0.7024 38320
0.5126 0.9332 0.9416 0.5643 0.7382 0.7434 0.3698 0.6969 0.7000 34696
0.4998 0.9332 0.9424 0.5615 0.7319 0.7370 0.3536 0.6896 0.6946 34736];
carphone_qcif_avg_stvssimrdo=[0.8923 0.9429 0.9483 0.8973 0.9601 0.9616 0.8192 0.9052 0.9117 38888
0.8838 0.9387 0.9417 0.8895 0.9591 0.9604 0.8072 0.9002 0.9044 35072
0.8824 0.9380 0.9414 0.8883 0.9576 0.9592 0.8048 0.8981 0.9031 30128
0.8848 0.9364 0.9414 0.8871 0.9554 0.9562 0.8045 0.8946 0.9000 29008
0.8812 0.9351 0.9358 0.8862 0.9532 0.9540 0.8002 0.8912 0.8927 25376
0.8820 0.9240 0.9299 0.8846 0.9494 0.9506 0.7986 0.8771 0.8839 25496
0.8776 0.9224 0.9284 0.8810 0.9462 0.9476 0.7920 0.8727 0.8796 23336
0.8680 0.9225 0.9279 0.8723 0.9434 0.9443 0.7775 0.8701 0.8760 20696
0.8682 0.9156 0.9249 0.8686 0.9393 0.9411 0.7735 0.8598 0.8703 20352
0.8541 0.9149 0.9237 0.8593 0.9334 0.9353 0.7563 0.8535 0.8637 17728
0.8498 0.9116 0.9212 0.8524 0.9270 0.9283 0.7461 0.8448 0.8550 16776
0.8388 0.9075 0.9196 0.8411 0.9182 0.9193 0.7289 0.8329 0.8453 15504
0.8337 0.9096 0.9068 0.8348 0.9155 0.9164 0.7184 0.8325 0.8311 13152
0.8227 0.9068 0.9080 0.8226 0.9076 0.9094 0.7014 0.8226 0.8261 12664
0.8019 0.9066 0.8978 0.7986 0.8990 0.8990 0.6691 0.8147 0.8070 11056];
coastguard_qcif_avg_stvssimrdo=[0.6225 0.9701 0.9722 0.6672 0.7794 0.7827 0.4687 0.7535 0.7592 35016
0.6229 0.9684 0.9703 0.6680 0.7829 0.7865 0.4674 0.7555 0.7614 32776
0.6340 0.9679 0.9724 0.6786 0.7909 0.7950 0.4790 0.7634 0.7718 30600
0.6127 0.9660 0.9683 0.6522 0.7168 0.7221 0.4519 0.6888 0.6959 20688
0.6166 0.9637 0.9675 0.6534 0.7241 0.7283 0.4519 0.6933 0.7011 20512
0.6155 0.9639 0.9658 0.6525 0.7309 0.7363 0.4483 0.7013 0.7077 19320
0.6112 0.9642 0.9669 0.6442 0.7260 0.7307 0.4400 0.6959 0.7028 17728
0.6057 0.9612 0.9685 0.6317 0.7094 0.7154 0.4268 0.6784 0.6898 17056
0.5984 0.9623 0.9673 0.6236 0.7178 0.7237 0.4143 0.6869 0.6969 15872
0.5948 0.9618 0.9674 0.6161 0.7120 0.7178 0.4063 0.6810 0.6914 14824
0.5792 0.9591 0.9673 0.5981 0.6947 0.7015 0.3862 0.6623 0.6756 13000
0.5699 0.9554 0.9650 0.5838 0.6839 0.6926 0.3716 0.6499 0.6659 11472
0.5556 0.9577 0.9665 0.5667 0.6755 0.6823 0.3538 0.6418 0.6565 9464
0.5366 0.9575 0.9665 0.5457 0.6406 0.6485 0.3347 0.6088 0.6239 8360
0.5295 0.9545 0.9637 0.5315 0.6392 0.6484 0.3224 0.6050 0.6229 7456];
container_qcif_avg_stvssimrdo=[0.9102 0.9644 0.9625 0.9201 0.9353 0.9341 0.8484 0.9012 0.8983 9336
0.9104 0.9597 0.9615 0.9186 0.9346 0.9335 0.8464 0.8961 0.8968 8768
0.9119 0.9597 0.9604 0.9193 0.9388 0.9378 0.8480 0.9001 0.8999 8632
0.9083 0.9554 0.9563 0.9163 0.9411 0.9400 0.8416 0.8984 0.8983 7880
0.9068 0.9501 0.9502 0.9136 0.9407 0.9394 0.8376 0.8930 0.8919 7464
0.9038 0.9458 0.9471 0.9111 0.9396 0.9376 0.8332 0.8879 0.8873 7352
0.9020 0.9459 0.9464 0.9083 0.9387 0.9370 0.8286 0.8871 0.8861 7600
0.8939 0.9406 0.9388 0.9006 0.9265 0.9251 0.8161 0.8706 0.8679 7112
0.8926 0.9349 0.9364 0.8990 0.9250 0.9241 0.8131 0.8636 0.8644 6632
0.8855 0.9326 0.9348 0.8917 0.9184 0.9170 0.8017 0.8554 0.8562 6584
0.8768 0.9290 0.9215 0.8834 0.9034 0.9021 0.7885 0.8380 0.8304 6528
0.8701 0.9279 0.9218 0.8769 0.9033 0.9021 0.7777 0.8367 0.8306 6288
0.8615 0.9241 0.9213 0.8678 0.8968 0.8968 0.7635 0.8273 0.8254 6160
0.8481 0.9221 0.9196 0.8546 0.8754 0.8763 0.7433 0.8048 0.8045 6064
0.8431 0.9216 0.9170 0.8489 0.8693 0.8696 0.7358 0.7985 0.7961 5968];
football_qcif_avg_stvssimrdo=[0.7568 0.9043 0.9150 0.7670 0.8587 0.8744 0.6060 0.7780 0.8009 650368
0.7280 0.8910 0.9070 0.7354 0.8478 0.8655 0.5642 0.7564 0.7857 538736
0.6995 0.8809 0.9005 0.6912 0.7971 0.8196 0.5161 0.7034 0.7389 458096
0.6717 0.8657 0.8933 0.6550 0.7457 0.7730 0.4735 0.6462 0.6902 376600
0.6568 0.8572 0.8897 0.6463 0.7461 0.7744 0.4556 0.6412 0.6890 321928
0.6238 0.8240 0.8721 0.5955 0.6828 0.7169 0.4059 0.5696 0.6281 246288
0.6083 0.8160 0.8694 0.5671 0.6734 0.7121 0.3815 0.5552 0.6212 208840
0.5940 0.8069 0.8617 0.5567 0.6338 0.6731 0.3646 0.5224 0.5843 176824
0.5875 0.8023 0.8616 0.5495 0.6316 0.6747 0.3566 0.5107 0.5820 154872
0.5703 0.7942 0.8567 0.5199 0.6204 0.6664 0.3309 0.5013 0.5733 129040
0.5583 0.7787 0.8517 0.4952 0.5895 0.6401 0.3080 0.4653 0.5466 106576
0.5446 0.7700 0.8465 0.4767 0.5666 0.6178 0.2904 0.4458 0.5266 91416
0.5315 0.7572 0.8375 0.4468 0.5165 0.5776 0.2689 0.3975 0.4856 71416
0.5309 0.7661 0.8415 0.4571 0.5211 0.5804 0.2730 0.4057 0.4900 70656
0.5216 0.7539 0.8322 0.4389 0.5135 0.5743 0.2553 0.3948 0.4806 58648];
