akiyo_qcif_avg_stvssimrdo=[];
bridge_qcif_avg_stvssimrdo=[];
bus_qcif_avg_stvssimrdo=[];
carphone_qcif_avg_stvssimrdo=[];
coastguard_qcif_avg_stvssimrdo=[0.6392 0.9712 0.9739 0.6831 0.7972 0.8000 0.4902 0.7718 0.7772 42768
0.6398 0.9685 0.9738 0.6827 0.7947 0.7980 0.4875 0.7670 0.7748 39576
0.6501 0.9686 0.9729 0.6926 0.8125 0.8156 0.4983 0.7846 0.7917 39152
0.6390 0.9663 0.9713 0.6819 0.7988 0.8029 0.4822 0.7696 0.7793 31736
0.6488 0.9652 0.9706 0.6873 0.8068 0.8105 0.4878 0.7760 0.7848 31536
0.6291 0.9640 0.9658 0.6635 0.7397 0.7446 0.4626 0.7094 0.7153 23784
0.6255 0.9641 0.9662 0.6543 0.7404 0.7451 0.4531 0.7099 0.7161 21864
0.6177 0.9615 0.9676 0.6429 0.7302 0.7356 0.4378 0.6985 0.7088 18728
0.6121 0.9617 0.9674 0.6367 0.7318 0.7373 0.4280 0.7001 0.7102 18272
0.6011 0.9619 0.9674 0.6211 0.7157 0.7213 0.4121 0.6844 0.6945 15728
0.5882 0.9604 0.9673 0.6060 0.7032 0.7096 0.3945 0.6712 0.6833 14184
0.5763 0.9589 0.9672 0.5907 0.6926 0.7004 0.3779 0.6610 0.6751 12368
0.5596 0.9554 0.9659 0.5698 0.6877 0.6944 0.3581 0.6518 0.6680 10208
0.5480 0.9550 0.9660 0.5559 0.6606 0.6684 0.3442 0.6251 0.6423 8896
0.5348 0.9543 0.9634 0.5364 0.6492 0.6582 0.3269 0.6139 0.6317 7800];
container_qcif_avg_stvssimrdo=[];
football_qcif_avg_stvssimrdo=[0.8089 0.9242 0.9254 0.8311 0.9113 0.9245 0.6926 0.8428 0.8558 766720
0.7882 0.9148 0.9176 0.8126 0.9051 0.9194 0.6640 0.8285 0.8440 663448
0.7707 0.9131 0.9155 0.7976 0.8747 0.8927 0.6365 0.7994 0.8180 591448
0.7263 0.8924 0.9040 0.7413 0.8355 0.8571 0.5660 0.7468 0.7753 470032
0.7144 0.8880 0.8999 0.7270 0.7976 0.8231 0.5451 0.7091 0.7408 410440
0.6780 0.8639 0.8884 0.6823 0.7665 0.7958 0.4911 0.6628 0.7069 327216
0.6606 0.8560 0.8856 0.6632 0.7284 0.7600 0.4649 0.6239 0.6727 284480
0.6485 0.8530 0.8809 0.6502 0.7199 0.7536 0.4487 0.6166 0.6657 241464
0.6266 0.8344 0.8718 0.6161 0.6613 0.7001 0.4149 0.5534 0.6109 199264
0.6048 0.8228 0.8711 0.5836 0.6603 0.7023 0.3825 0.5470 0.6123 168176
0.5891 0.8067 0.8615 0.5650 0.6406 0.6869 0.3638 0.5222 0.5939 136976
0.5750 0.7972 0.8552 0.5423 0.6338 0.6809 0.3410 0.5116 0.5851 115208
0.5669 0.7912 0.8518 0.5357 0.6161 0.6645 0.3320 0.4944 0.5680 99512
0.5560 0.7919 0.8546 0.5129 0.6075 0.6586 0.3131 0.4858 0.5639 88096
0.5499 0.7861 0.8462 0.4957 0.5601 0.6169 0.2980 0.4450 0.5232 73624];
foreman_qcif_avg_stvssimrdo=[0.9174 0.9222 0.9554 0.9374 0.9737 0.9728 0.8633 0.8979 0.9297 82608
0.9178 0.9187 0.9536 0.9368 0.9739 0.9729 0.8630 0.8947 0.9281 73904
0.9108 0.9165 0.9507 0.9322 0.9711 0.9706 0.8538 0.8900 0.9231 63008
0.9023 0.9125 0.9496 0.9242 0.9686 0.9677 0.8406 0.8839 0.9194 59192
0.9030 0.9108 0.9488 0.9252 0.9680 0.9676 0.8391 0.8818 0.9186 54008
0.8993 0.9059 0.9451 0.9218 0.9631 0.9630 0.8334 0.8725 0.9104 50008
0.8873 0.9048 0.9429 0.9122 0.9582 0.9575 0.8160 0.8670 0.9036 46480
0.8848 0.9056 0.9432 0.9089 0.9550 0.9552 0.8093 0.8647 0.9015 42680
0.8655 0.8977 0.9353 0.8909 0.9516 0.9513 0.7809 0.8542 0.8904 39136
0.8622 0.8964 0.9361 0.8873 0.9500 0.9495 0.7741 0.8517 0.8895 37616
0.8482 0.8904 0.9289 0.8751 0.9396 0.9398 0.7520 0.8370 0.8738 34320
0.8355 0.8911 0.9296 0.8623 0.9330 0.9331 0.7314 0.8313 0.8681 33280
0.8228 0.8856 0.9282 0.8497 0.9261 0.9268 0.7120 0.8208 0.8616 30888
0.7978 0.8847 0.9272 0.8217 0.9010 0.9037 0.6719 0.7987 0.8400 28352
0.7780 0.8758 0.9220 0.8006 0.9053 0.9060 0.6425 0.7939 0.8370 26824];
grandma_qcif_avg_stvssimrdo=[];
hall_qcif_avg_stvssimrdo=[];
harbour_qcif_avg_stvssimrdo=[];
highway_qcif_avg_stvssimrdo=[];
ice_qcif_avg_stvssimrdo=[0.9193 0.9674 0.9748 0.9335 0.9593 0.9590 0.8698 0.9277 0.9346 203568
0.9060 0.9643 0.9718 0.9197 0.9484 0.9479 0.8526 0.9140 0.9207 176368
0.9038 0.9651 0.9734 0.9163 0.9458 0.9454 0.8461 0.9122 0.9199 157312
0.8965 0.9611 0.9701 0.9083 0.9411 0.9408 0.8336 0.9040 0.9123 143272
0.8893 0.9577 0.9697 0.9020 0.9340 0.9338 0.8253 0.8938 0.9051 123704
0.8678 0.9546 0.9650 0.8845 0.9243 0.9236 0.8005 0.8814 0.8912 112720
0.8743 0.9559 0.9680 0.8883 0.9032 0.9024 0.8017 0.8626 0.8733 100928
0.8731 0.9525 0.9656 0.8808 0.8947 0.8942 0.7926 0.8516 0.8632 90480
0.8513 0.9440 0.9614 0.8584 0.8785 0.8775 0.7641 0.8282 0.8432 77872
0.8290 0.9400 0.9608 0.8378 0.8415 0.8404 0.7382 0.7889 0.8061 71344
0.8369 0.9402 0.9578 0.8418 0.8087 0.8069 0.7413 0.7606 0.7737 65240
0.8140 0.9377 0.9574 0.8190 0.8071 0.8059 0.7115 0.7565 0.7708 57232
0.8271 0.9363 0.9568 0.8233 0.8307 0.8295 0.7199 0.7776 0.7950 51440
0.7889 0.9338 0.9522 0.7873 0.7784 0.7762 0.6730 0.7261 0.7403 44208
0.7862 0.9271 0.9513 0.7805 0.7662 0.7639 0.6604 0.7130 0.7282 41600];
mobile_qcif_avg_stvssimrdo=[0.8150 0.9105 0.9058 0.8517 0.9005 0.9004 0.7224 0.8206 0.8169 230256
0.8297 0.9042 0.9035 0.8626 0.8996 0.8999 0.7420 0.8144 0.8147 196760
0.8201 0.9048 0.9029 0.8569 0.9044 0.9043 0.7299 0.8187 0.8175 173176
0.7988 0.8914 0.8871 0.8422 0.8873 0.8866 0.7073 0.7918 0.7892 143432
0.8190 0.8882 0.8829 0.8565 0.8946 0.8943 0.7280 0.7945 0.7906 122736
0.8081 0.8735 0.8700 0.8498 0.9026 0.9023 0.7169 0.7894 0.7864 103856
0.7967 0.8726 0.8683 0.8376 0.8853 0.8852 0.6977 0.7727 0.7691 90064
0.7866 0.8631 0.8580 0.8258 0.8880 0.8876 0.6832 0.7662 0.7622 75544
0.7830 0.8523 0.8487 0.8213 0.8962 0.8951 0.6758 0.7653 0.7614 66880
0.7706 0.8515 0.8453 0.8128 0.8804 0.8793 0.6577 0.7511 0.7456 61392
0.7455 0.8387 0.8367 0.7875 0.8661 0.8658 0.6243 0.7274 0.7259 51912
0.7312 0.8404 0.8359 0.7693 0.8539 0.8528 0.5966 0.7182 0.7139 48216
0.6885 0.8213 0.8045 0.7329 0.8079 0.8052 0.5449 0.6655 0.6525 41568
0.6757 0.8218 0.8181 0.7173 0.8141 0.8127 0.5258 0.6703 0.6660 39400
0.6275 0.8022 0.8018 0.6740 0.7708 0.7658 0.4735 0.6175 0.6142 33208];
news_qcif_avg_stvssimrdo=[];
salesman_qcif_avg_stvssimrdo=[];
silent_qcif_avg_stvssimrdo=[];
soccer_qcif_avg_stvssimrdo=[0.8433 0.9506 0.9617 0.8975 0.9066 0.9183 0.7640 0.8613 0.8828 269648
0.8244 0.9466 0.9568 0.8829 0.8888 0.9053 0.7348 0.8414 0.8661 235272
0.8163 0.9473 0.9589 0.8776 0.8935 0.9110 0.7240 0.8462 0.8734 211368
0.8052 0.9403 0.9546 0.8684 0.8796 0.8990 0.7071 0.8270 0.8579 191024
0.7919 0.9389 0.9523 0.8560 0.8680 0.8897 0.6864 0.8147 0.8469 166384
0.7777 0.9331 0.9461 0.8419 0.8455 0.8688 0.6662 0.7887 0.8216 145536
0.7736 0.9319 0.9440 0.8369 0.8395 0.8704 0.6579 0.7822 0.8215 133104
0.7607 0.9275 0.9433 0.8249 0.8302 0.8603 0.6382 0.7695 0.8104 117408
0.7483 0.9217 0.9439 0.8109 0.8141 0.8518 0.6199 0.7505 0.8035 104680
0.7250 0.9220 0.9433 0.7870 0.7674 0.8116 0.5874 0.7080 0.7648 90056
0.7097 0.9156 0.9373 0.7749 0.7561 0.8075 0.5665 0.6919 0.7564 75688
0.7049 0.9147 0.9387 0.7709 0.7712 0.8254 0.5589 0.7057 0.7743 73072
0.6872 0.9080 0.9366 0.7526 0.7271 0.7863 0.5342 0.6611 0.7356 59568
0.6790 0.9086 0.9306 0.7408 0.7151 0.7865 0.5205 0.6493 0.7312 54512
0.6658 0.9019 0.9271 0.7238 0.7027 0.7734 0.4991 0.6338 0.7160 48160];
stefan_qcif_avg_stvssimrdo=[0.8253 0.8843 0.8775 0.8615 0.8233 0.8236 0.7509 0.7304 0.7256 244560
0.8221 0.8712 0.8649 0.8582 0.8456 0.8453 0.7493 0.7386 0.7342 208080
0.8178 0.8663 0.8578 0.8480 0.8415 0.8414 0.7384 0.7307 0.7245 180320
0.7945 0.8489 0.8373 0.8278 0.8406 0.8403 0.7143 0.7144 0.7058 153968
0.8016 0.8520 0.8397 0.8342 0.8335 0.8331 0.7192 0.7113 0.7010 133336
0.7756 0.8280 0.8136 0.8104 0.7980 0.7976 0.6860 0.6683 0.6590 111992
0.7674 0.8300 0.8150 0.8024 0.8023 0.8026 0.6719 0.6719 0.6624 100984
0.7617 0.8098 0.8005 0.7996 0.7908 0.7904 0.6656 0.6475 0.6415 87064
0.7426 0.7976 0.7875 0.7825 0.7719 0.7720 0.6404 0.6270 0.6217 74376
0.7321 0.7965 0.7891 0.7678 0.7580 0.7583 0.6200 0.6127 0.6096 64216
0.7102 0.7899 0.7768 0.7478 0.7324 0.7327 0.5895 0.5903 0.5829 54664
0.7033 0.7906 0.7733 0.7362 0.7333 0.7337 0.5731 0.5914 0.5812 50424
0.6621 0.7808 0.7534 0.6956 0.7111 0.7112 0.5221 0.5676 0.5486 39640
0.6478 0.7784 0.7512 0.6873 0.6883 0.6882 0.5032 0.5501 0.5331 35784
0.6002 0.7671 0.7458 0.6318 0.6609 0.6619 0.4433 0.5182 0.5058 27984];
suzie_qcif_avg_stvssimrdo=[];
