%compared to file "avgdata_all_ssimrdo_lam1_2.m",this file adds 4 sequences
%data(bus,harbour,ice ,stefan).These two file use the same
%metric:stvssim=ssim3d*ssim;
akiyo_qcif_avg_ssimrdo=[0.9751 0.9759 0.9728 0.9746 0.9929 0.9939 0.9508 0.9690 0.9669 55176
0.9711 0.9746 0.9682 0.9706 0.9913 0.9928 0.9432 0.9662 0.9612 50392
0.9694 0.9744 0.9690 0.9686 0.9916 0.9928 0.9397 0.9663 0.9621 44416
0.9651 0.9725 0.9678 0.9642 0.9907 0.9916 0.9316 0.9635 0.9597 40792
0.9593 0.9691 0.9664 0.9587 0.9891 0.9904 0.9212 0.9586 0.9571 37160
0.9547 0.9679 0.9604 0.9538 0.9873 0.9897 0.9126 0.9558 0.9504 34272
0.9465 0.9670 0.9594 0.9455 0.9853 0.9877 0.8975 0.9528 0.9476 31480
0.9434 0.9650 0.9584 0.9428 0.9840 0.9865 0.8924 0.9496 0.9455 28960
0.9383 0.9599 0.9544 0.9374 0.9831 0.9850 0.8833 0.9437 0.9401 29864
0.9325 0.9588 0.9534 0.9325 0.9796 0.9826 0.8741 0.9395 0.9369 26944
0.9227 0.9545 0.9470 0.9230 0.9782 0.9813 0.8577 0.9338 0.9293 27320
0.9163 0.9542 0.9480 0.9156 0.9750 0.9795 0.8461 0.9304 0.9286 24624
0.9022 0.9516 0.9392 0.9044 0.9651 0.9698 0.8242 0.9186 0.9109 23816
0.8969 0.9541 0.9427 0.8971 0.9660 0.9708 0.8143 0.9219 0.9152 22864
0.8870 0.9542 0.9388 0.8876 0.9606 0.9687 0.7995 0.9166 0.9094 20752];
bridge_qcif_avg_ssimrdo=[0.9455 0.8547 0.8743 0.9401 0.9829 0.9837 0.8912 0.8403 0.8602 192904
0.9390 0.8505 0.8697 0.9330 0.9811 0.9815 0.8789 0.8347 0.8538 149688
0.9305 0.8507 0.8699 0.9241 0.9786 0.9787 0.8634 0.8328 0.8516 119672
0.9237 0.8479 0.8691 0.9167 0.9768 0.9772 0.8510 0.8284 0.8495 98392
0.9180 0.8441 0.8664 0.9109 0.9754 0.9757 0.8409 0.8236 0.8456 78808
0.9068 0.8418 0.8660 0.8981 0.9692 0.9701 0.8201 0.8162 0.8404 63568
0.8994 0.8419 0.8668 0.8905 0.9669 0.9671 0.8073 0.8143 0.8385 55280
0.8882 0.8419 0.8586 0.8789 0.9637 0.9636 0.7885 0.8117 0.8275 44568
0.8773 0.8388 0.8576 0.8698 0.9582 0.9582 0.7726 0.8041 0.8219 37536
0.8701 0.8372 0.8573 0.8607 0.9564 0.9570 0.7597 0.8010 0.8206 30920
0.8519 0.8364 0.8567 0.8433 0.9495 0.9489 0.7319 0.7945 0.8130 25976
0.8368 0.8374 0.8569 0.8287 0.9450 0.9451 0.7089 0.7918 0.8100 23192
0.8269 0.8360 0.8528 0.8183 0.9409 0.9405 0.6950 0.7868 0.8022 19760
0.8136 0.8367 0.8541 0.8056 0.9310 0.9301 0.6762 0.7792 0.7945 17872
0.7993 0.8357 0.8522 0.7945 0.9285 0.9286 0.6588 0.7766 0.7916 14472];
bus_qcif_avg_ssimrdo=[0.9757 0.9860 0.9882 0.9894 0.9961 0.9962 0.9655 0.9821 0.9845 488688
0.9730 0.9849 0.9872 0.9882 0.9957 0.9958 0.9616 0.9807 0.9831 447808
0.9686 0.9847 0.9868 0.9867 0.9953 0.9954 0.9558 0.9800 0.9823 412904
0.9650 0.9839 0.9849 0.9856 0.9945 0.9947 0.9513 0.9785 0.9797 383512
0.9595 0.9828 0.9850 0.9838 0.9940 0.9941 0.9441 0.9769 0.9793 345144
0.9506 0.9796 0.9809 0.9789 0.9926 0.9928 0.9308 0.9724 0.9739 320672
0.9401 0.9785 0.9807 0.9729 0.9908 0.9910 0.9150 0.9695 0.9719 294592
0.9284 0.9768 0.9766 0.9648 0.9884 0.9887 0.8962 0.9655 0.9656 260600
0.9172 0.9705 0.9732 0.9573 0.9863 0.9867 0.8787 0.9573 0.9603 238168
0.9072 0.9712 0.9725 0.9506 0.9843 0.9848 0.8633 0.9561 0.9578 219592
0.8904 0.9674 0.9685 0.9402 0.9815 0.9820 0.8385 0.9497 0.9512 198440
0.8822 0.9671 0.9690 0.9344 0.9788 0.9794 0.8261 0.9469 0.9492 184248
0.8648 0.9602 0.9682 0.9241 0.9765 0.9773 0.8015 0.9380 0.9463 164592
0.8523 0.9589 0.9666 0.9142 0.9730 0.9737 0.7820 0.9336 0.9413 154344
0.8365 0.9569 0.9667 0.9018 0.9696 0.9705 0.7580 0.9284 0.9383 143568];
carphone_qcif_avg_ssimrdo=[0.9707 0.9543 0.9606 0.9699 0.9832 0.9854 0.9420 0.9383 0.9465 221872
0.9674 0.9512 0.9553 0.9667 0.9816 0.9837 0.9359 0.9337 0.9397 194088
0.9640 0.9514 0.9547 0.9630 0.9800 0.9819 0.9292 0.9324 0.9374 173640
0.9607 0.9461 0.9522 0.9597 0.9779 0.9796 0.9230 0.9251 0.9328 161392
0.9557 0.9456 0.9493 0.9546 0.9756 0.9769 0.9136 0.9224 0.9273 139096
0.9536 0.9385 0.9402 0.9522 0.9744 0.9756 0.9095 0.9143 0.9171 129088
0.9482 0.9364 0.9430 0.9473 0.9711 0.9731 0.9001 0.9092 0.9176 115904
0.9421 0.9360 0.9410 0.9402 0.9674 0.9687 0.8881 0.9053 0.9115 104528
0.9373 0.9308 0.9368 0.9356 0.9630 0.9642 0.8797 0.8961 0.9031 99824
0.9321 0.9313 0.9360 0.9301 0.9603 0.9618 0.8702 0.8941 0.9001 93704
0.9260 0.9298 0.9350 0.9238 0.9571 0.9576 0.8593 0.8896 0.8952 84232
0.9203 0.9291 0.9342 0.9178 0.9542 0.9537 0.8492 0.8862 0.8909 78656
0.9120 0.9239 0.9209 0.9092 0.9497 0.9493 0.8349 0.8770 0.8742 73512
0.9041 0.9235 0.9247 0.9005 0.9455 0.9461 0.8209 0.8729 0.8751 66888
0.8954 0.9226 0.9186 0.8918 0.9383 0.9357 0.8067 0.8652 0.8596 63968];
coastguard_qcif_avg_ssimrdo=[0.9317 0.9692 0.9751 0.9343 0.9821 0.9834 0.8723 0.9518 0.9588 650304
0.9225 0.9650 0.9748 0.9252 0.9791 0.9805 0.8557 0.9447 0.9557 574552
0.9114 0.9649 0.9748 0.9146 0.9763 0.9779 0.8364 0.9419 0.9531 522712
0.9024 0.9627 0.9740 0.9057 0.9730 0.9748 0.8207 0.9365 0.9493 472616
0.8904 0.9613 0.9718 0.8939 0.9687 0.9706 0.8001 0.9309 0.9430 425976
0.8765 0.9591 0.9684 0.8801 0.9653 0.9677 0.7768 0.9255 0.9368 370744
0.8644 0.9589 0.9683 0.8677 0.9613 0.9638 0.7564 0.9215 0.9329 341920
0.8486 0.9579 0.9692 0.8522 0.9551 0.9581 0.7306 0.9145 0.9283 292392
0.8404 0.9574 0.9659 0.8441 0.9506 0.9537 0.7172 0.9096 0.9207 272160
0.8258 0.9566 0.9655 0.8299 0.9452 0.9485 0.6945 0.9037 0.9153 243112
0.8028 0.9536 0.9656 0.8065 0.9371 0.9413 0.6584 0.8930 0.9084 202552
0.7925 0.9529 0.9647 0.7964 0.9313 0.9360 0.6431 0.8869 0.9024 178992
0.7709 0.9520 0.9644 0.7744 0.9235 0.9280 0.6112 0.8784 0.8944 161440
0.7539 0.9525 0.9645 0.7569 0.9131 0.9185 0.5863 0.8689 0.8851 143920
0.7379 0.9500 0.9632 0.7401 0.9046 0.9102 0.5638 0.8585 0.8759 127088];
container_qcif_avg_ssimrdo=[0.9457 0.9671 0.9669 0.9442 0.9822 0.9802 0.8953 0.9498 0.9478 82840
0.9429 0.9644 0.9641 0.9411 0.9803 0.9785 0.8900 0.9453 0.9434 71032
0.9394 0.9640 0.9643 0.9373 0.9785 0.9766 0.8834 0.9434 0.9418 59544
0.9355 0.9565 0.9594 0.9335 0.9764 0.9744 0.8767 0.9339 0.9349 53232
0.9309 0.9554 0.9560 0.9291 0.9742 0.9720 0.8687 0.9307 0.9292 42080
0.9255 0.9501 0.9515 0.9231 0.9709 0.9686 0.8589 0.9224 0.9217 37728
0.9230 0.9503 0.9510 0.9208 0.9671 0.9651 0.8544 0.9190 0.9177 32160
0.9181 0.9454 0.9493 0.9156 0.9642 0.9622 0.8457 0.9113 0.9133 28440
0.9134 0.9376 0.9411 0.9106 0.9585 0.9562 0.8371 0.8985 0.9000 29208
0.9098 0.9368 0.9406 0.9071 0.9552 0.9533 0.8311 0.8944 0.8968 25360
0.8995 0.9312 0.9325 0.8976 0.9472 0.9450 0.8143 0.8814 0.8811 25816
0.8969 0.9288 0.9306 0.8942 0.9437 0.9423 0.8091 0.8757 0.8766 23072
0.8878 0.9312 0.9310 0.8856 0.9364 0.9360 0.7951 0.8711 0.8714 20592
0.8781 0.9284 0.9291 0.8766 0.9278 0.9282 0.7803 0.8602 0.8622 19968
0.8704 0.9261 0.9283 0.8681 0.9225 0.9235 0.7675 0.8526 0.8565 17736];
football_qcif_avg_ssimrdo=[0.9319 0.9545 0.9498 0.9621 0.9634 0.9845 0.8978 0.9195 0.9352 1309296
0.9239 0.9489 0.9435 0.9570 0.9589 0.9825 0.8855 0.9098 0.9270 1182432
0.9135 0.9485 0.9448 0.9507 0.9534 0.9799 0.8701 0.9043 0.9258 1094456
0.9037 0.9421 0.9381 0.9443 0.9472 0.9773 0.8555 0.8923 0.9169 1016112
0.8909 0.9368 0.9340 0.9357 0.9396 0.9735 0.8362 0.8802 0.9094 909840
0.8813 0.9270 0.9251 0.9296 0.9329 0.9704 0.8221 0.8647 0.8979 832024
0.8694 0.9282 0.9266 0.9210 0.9262 0.9672 0.8042 0.8596 0.8963 765264
0.8563 0.9204 0.9221 0.9110 0.9177 0.9628 0.7842 0.8446 0.8879 686216
0.8460 0.9113 0.9158 0.9027 0.9070 0.9580 0.7678 0.8264 0.8774 625840
0.8356 0.9126 0.9127 0.8945 0.9027 0.9552 0.7524 0.8236 0.8720 582328
0.8178 0.9005 0.9062 0.8805 0.8890 0.9478 0.7257 0.8005 0.8592 511376
0.8077 0.9038 0.9068 0.8717 0.8809 0.9432 0.7098 0.7959 0.8555 473768
0.7937 0.8927 0.9034 0.8596 0.8713 0.9373 0.6884 0.7779 0.8470 428328
0.7808 0.8944 0.9039 0.8465 0.8586 0.9305 0.6672 0.7679 0.8414 391280
0.7655 0.8852 0.8996 0.8321 0.8478 0.9250 0.6442 0.7502 0.8325 354768];
