akiyo_qcif_avg_stvssimrdo=[0.9642 0.9742 0.9698 0.9679 0.9853 0.9860 0.9347 0.9599 0.9562 18032
0.9617 0.9734 0.9675 0.9649 0.9839 0.9844 0.9294 0.9577 0.9523 16464
0.9602 0.9734 0.9672 0.9631 0.9836 0.9845 0.9262 0.9574 0.9521 14944
0.9543 0.9705 0.9640 0.9575 0.9832 0.9839 0.9157 0.9543 0.9483 14408
0.9480 0.9668 0.9634 0.9513 0.9807 0.9819 0.9043 0.9482 0.9459 12808
0.9458 0.9614 0.9565 0.9488 0.9798 0.9812 0.9003 0.9421 0.9384 12064
0.9366 0.9612 0.9566 0.9397 0.9780 0.9793 0.8838 0.9400 0.9366 11408
0.9311 0.9628 0.9550 0.9344 0.9740 0.9757 0.8745 0.9378 0.9318 11656
0.9234 0.9547 0.9476 0.9265 0.9689 0.9701 0.8602 0.9251 0.9192 10552
0.9153 0.9550 0.9473 0.9183 0.9680 0.9688 0.8472 0.9246 0.9177 10016
0.8993 0.9519 0.9380 0.9030 0.9575 0.9596 0.8208 0.9114 0.9000 9976
0.8898 0.9518 0.9396 0.8940 0.9503 0.9541 0.8056 0.9045 0.8965 9168
0.8786 0.9476 0.9319 0.8831 0.9378 0.9428 0.7874 0.8888 0.8786 9384
0.8663 0.9471 0.9331 0.8712 0.9407 0.9414 0.7694 0.8912 0.8784 8904
0.8536 0.9416 0.9278 0.8573 0.9365 0.9399 0.7492 0.8817 0.8719 7456];
bridge_qcif_avg_stvssimrdo=[0.9181 0.8502 0.8729 0.9200 0.9673 0.9680 0.8530 0.8228 0.8453 15976
0.9110 0.8471 0.8688 0.9125 0.9627 0.9632 0.8400 0.8159 0.8372 11920
0.9042 0.8468 0.8689 0.9053 0.9603 0.9608 0.8277 0.8135 0.8351 13160
0.8961 0.8452 0.8658 0.8969 0.9576 0.9583 0.8136 0.8097 0.8301 8880
0.8898 0.8419 0.8653 0.8901 0.9529 0.9534 0.8022 0.8026 0.8254 7512
0.8812 0.8371 0.8637 0.8806 0.9462 0.9465 0.7870 0.7924 0.8180 6640
0.8702 0.8381 0.8638 0.8692 0.9389 0.9396 0.7688 0.7873 0.8122 6008
0.8578 0.8374 0.8572 0.8569 0.9344 0.9359 0.7493 0.7830 0.8025 6000
0.8508 0.8370 0.8554 0.8498 0.9279 0.9292 0.7382 0.7771 0.7952 5232
0.8375 0.8371 0.8556 0.8358 0.9227 0.9233 0.7172 0.7727 0.7903 5120
0.8153 0.8344 0.8538 0.8141 0.9107 0.9115 0.6848 0.7602 0.7788 5784
0.8028 0.8357 0.8531 0.8021 0.9015 0.9026 0.6676 0.7536 0.7705 4992
0.7914 0.8343 0.8522 0.7906 0.8989 0.9005 0.6507 0.7505 0.7681 5024
0.7658 0.8344 0.8535 0.7670 0.8804 0.8794 0.6176 0.7354 0.7511 4928
0.7470 0.8366 0.8511 0.7462 0.8764 0.8753 0.5910 0.7337 0.7452 4864];
bus_qcif_avg_stvssimrdo=[0.9438 0.9818 0.9848 0.9687 0.9839 0.9845 0.9163 0.9661 0.9695 396248
0.9378 0.9820 0.9831 0.9663 0.9812 0.9817 0.9089 0.9636 0.9652 354112
0.9227 0.9809 0.9826 0.9572 0.9787 0.9794 0.8885 0.9601 0.9624 314152
0.9205 0.9797 0.9811 0.9573 0.9784 0.9790 0.8849 0.9586 0.9606 293728
0.9110 0.9787 0.9804 0.9546 0.9802 0.9809 0.8747 0.9593 0.9617 251872
0.8962 0.9742 0.9769 0.9441 0.9755 0.9763 0.8527 0.9505 0.9538 232328
0.8762 0.9732 0.9746 0.9312 0.9724 0.9735 0.8245 0.9466 0.9488 204024
0.8628 0.9709 0.9710 0.9206 0.9666 0.9677 0.8047 0.9388 0.9396 179392
0.8585 0.9678 0.9676 0.9194 0.9689 0.9700 0.7953 0.9380 0.9388 162152
0.8271 0.9620 0.9670 0.8931 0.9596 0.9610 0.7517 0.9240 0.9293 141024
0.8145 0.9607 0.9650 0.8865 0.9564 0.9580 0.7345 0.9197 0.9248 126400
0.8025 0.9605 0.9647 0.8785 0.9584 0.9600 0.7160 0.9212 0.9263 113592
0.7810 0.9545 0.9643 0.8598 0.9553 0.9571 0.6870 0.9128 0.9232 100016
0.7541 0.9538 0.9639 0.8394 0.9278 0.9301 0.6489 0.8861 0.8966 89136
0.7220 0.9508 0.9598 0.8062 0.9303 0.9329 0.6046 0.8863 0.8956 76984];
carphone_qcif_avg_stvssimrdo=[0.9469 0.9471 0.9555 0.9461 0.9715 0.9733 0.8982 0.9200 0.9299 71624
0.9401 0.9444 0.9491 0.9405 0.9688 0.9704 0.8881 0.9148 0.9209 60528
0.9405 0.9438 0.9488 0.9404 0.9682 0.9700 0.8873 0.9136 0.9202 57368
0.9347 0.9411 0.9481 0.9356 0.9651 0.9666 0.8781 0.9081 0.9163 49960
0.9309 0.9373 0.9417 0.9320 0.9644 0.9658 0.8709 0.9037 0.9093 45960
0.9257 0.9302 0.9346 0.9260 0.9614 0.9629 0.8615 0.8941 0.8998 41448
0.9216 0.9299 0.9343 0.9216 0.9580 0.9597 0.8540 0.8907 0.8965 38688
0.9156 0.9283 0.9334 0.9153 0.9560 0.9579 0.8432 0.8873 0.8940 34552
0.9047 0.9193 0.9279 0.9040 0.9476 0.9495 0.8257 0.8708 0.8808 31760
0.9021 0.9192 0.9287 0.9016 0.9482 0.9505 0.8200 0.8713 0.8826 29464
0.8888 0.9182 0.9263 0.8880 0.9402 0.9421 0.7989 0.8629 0.8725 25904
0.8796 0.9144 0.9236 0.8782 0.9335 0.9355 0.7840 0.8534 0.8640 23040
0.8721 0.9120 0.9096 0.8711 0.9316 0.9335 0.7716 0.8493 0.8492 23664
0.8637 0.9124 0.9092 0.8600 0.9216 0.9233 0.7564 0.8407 0.8403 20800
0.8474 0.9070 0.9041 0.8449 0.9143 0.9162 0.7332 0.8296 0.8291 18688];
coastguard_qcif_avg_stvssimrdo=[0.8152 0.9726 0.9764 0.8375 0.9074 0.9090 0.6974 0.8813 0.8864 152304
0.7958 0.9687 0.9761 0.8210 0.9041 0.9059 0.6718 0.8745 0.8831 126888
0.7974 0.9691 0.9774 0.8188 0.9025 0.9045 0.6687 0.8732 0.8830 108400
0.7757 0.9670 0.9745 0.7992 0.8921 0.8947 0.6375 0.8611 0.8706 89456
0.7696 0.9652 0.9730 0.7910 0.8911 0.8936 0.6258 0.8584 0.8680 75184
0.7498 0.9645 0.9722 0.7729 0.8824 0.8857 0.5982 0.8496 0.8597 63184
0.7331 0.9645 0.9717 0.7520 0.8576 0.8613 0.5719 0.8251 0.8353 54992
0.7135 0.9626 0.9725 0.7333 0.8474 0.8516 0.5467 0.8142 0.8271 45248
0.6878 0.9617 0.9714 0.7086 0.8307 0.8349 0.5128 0.7970 0.8095 38232
0.6745 0.9608 0.9686 0.6927 0.7921 0.7968 0.4952 0.7581 0.7694 32768
0.6561 0.9601 0.9692 0.6734 0.7881 0.7939 0.4712 0.7546 0.7681 27416
0.6263 0.9600 0.9695 0.6410 0.7605 0.7669 0.4323 0.7275 0.7418 21640
0.6053 0.9586 0.9666 0.6152 0.7599 0.7662 0.4066 0.7256 0.7392 18112
0.5850 0.9576 0.9670 0.5887 0.7113 0.7185 0.3813 0.6770 0.6921 14816
0.5683 0.9567 0.9667 0.5716 0.7225 0.7292 0.3618 0.6873 0.7027 12656];
container_qcif_avg_stvssimrdo=[0.9235 0.9663 0.9666 0.9296 0.9543 0.9532 0.8653 0.9217 0.9209 13328
0.9240 0.9638 0.9624 0.9288 0.9602 0.9587 0.8644 0.9252 0.9223 12616
0.9226 0.9636 0.9629 0.9274 0.9574 0.9561 0.8622 0.9223 0.9204 11432
0.9178 0.9557 0.9565 0.9229 0.9546 0.9536 0.8543 0.9119 0.9117 10312
0.9147 0.9508 0.9530 0.9196 0.9572 0.9556 0.8481 0.9099 0.9105 9688
0.9114 0.9463 0.9499 0.9166 0.9512 0.9495 0.8429 0.8997 0.9017 9216
0.9074 0.9462 0.9500 0.9121 0.9477 0.9459 0.8357 0.8962 0.8983 9088
0.9029 0.9407 0.9441 0.9069 0.9459 0.9443 0.8270 0.8893 0.8914 8728
0.9005 0.9357 0.9376 0.9047 0.9434 0.9418 0.8227 0.8823 0.8828 8416
0.8945 0.9364 0.9380 0.8983 0.9365 0.9348 0.8125 0.8761 0.8763 7984
0.8862 0.9260 0.9267 0.8908 0.9227 0.9213 0.7999 0.8538 0.8532 7896
0.8834 0.9262 0.9256 0.8873 0.9201 0.9187 0.7941 0.8510 0.8498 7232
0.8699 0.9243 0.9236 0.8748 0.9115 0.9101 0.7746 0.8411 0.8400 7640
0.8610 0.9224 0.9213 0.8655 0.8917 0.8910 0.7598 0.8205 0.8197 6912
0.8503 0.9203 0.9254 0.8537 0.8889 0.8884 0.7441 0.8160 0.8206 7168];
football_qcif_avg_stvssimrdo=[0.9175 0.9485 0.9395 0.9606 0.9614 0.9709 0.8826 0.9118 0.9121 1078872
0.9065 0.9417 0.9321 0.9556 0.9562 0.9671 0.8677 0.9003 0.9014 960096
0.8941 0.9418 0.9322 0.9478 0.9503 0.9628 0.8493 0.8948 0.8974 869912
0.8833 0.9358 0.9244 0.9420 0.9457 0.9594 0.8344 0.8847 0.8867 790688
0.8671 0.9285 0.9200 0.9334 0.9325 0.9494 0.8123 0.8656 0.8733 691600
0.8530 0.9189 0.9107 0.9221 0.9235 0.9427 0.7903 0.8482 0.8582 616656
0.8368 0.9176 0.9105 0.9109 0.9143 0.9356 0.7670 0.8386 0.8516 554840
0.8213 0.9088 0.9042 0.9017 0.9083 0.9315 0.7455 0.8250 0.8420 483144
0.8029 0.9006 0.8974 0.8875 0.8830 0.9099 0.7186 0.7948 0.8166 420704
0.7892 0.8998 0.8958 0.8801 0.8804 0.9084 0.7003 0.7918 0.8136 379192
0.7648 0.8894 0.8881 0.8581 0.8681 0.8980 0.6630 0.7714 0.7971 315872
0.7476 0.8857 0.8867 0.8446 0.8535 0.8846 0.6384 0.7552 0.7842 278016
0.7283 0.8751 0.8797 0.8240 0.8334 0.8679 0.6082 0.7292 0.7638 238296
0.7039 0.8735 0.8785 0.8014 0.8204 0.8569 0.5730 0.7163 0.7527 202448
0.6885 0.8643 0.8726 0.7864 0.8016 0.8425 0.5493 0.6927 0.7352 176360];
