akiyo_qcif_avg_stvssimrdo=[0.9554 0.9727 0.9691 0.9622 0.9772 0.9776 0.9230 0.9505 0.9475 12024
0.9517 0.9728 0.9655 0.9580 0.9749 0.9756 0.9158 0.9483 0.9418 11128
0.9462 0.9726 0.9658 0.9535 0.9753 0.9756 0.9067 0.9485 0.9421 10576
0.9439 0.9688 0.9628 0.9505 0.9731 0.9737 0.9016 0.9428 0.9375 10120
0.9402 0.9657 0.9626 0.9464 0.9744 0.9752 0.8941 0.9410 0.9386 9664
0.9333 0.9600 0.9558 0.9392 0.9736 0.9744 0.8815 0.9347 0.9312 9008
0.9254 0.9603 0.9557 0.9314 0.9697 0.9711 0.8674 0.9312 0.9279 8848
0.9124 0.9616 0.9503 0.9200 0.9664 0.9685 0.8472 0.9294 0.9203 7968
0.9128 0.9543 0.9462 0.9178 0.9664 0.9673 0.8450 0.9223 0.9153 8192
0.8980 0.9537 0.9455 0.9057 0.9601 0.9624 0.8232 0.9159 0.9100 7248
0.8869 0.9514 0.9376 0.8935 0.9556 0.9575 0.8036 0.9092 0.8976 7200
0.8707 0.9497 0.9358 0.8777 0.9417 0.9472 0.7783 0.8947 0.8861 6680
0.8570 0.9456 0.9303 0.8645 0.9319 0.9361 0.7569 0.8813 0.8708 6456
0.8541 0.9436 0.9292 0.8610 0.9342 0.9357 0.7522 0.8819 0.8692 6336
0.8385 0.9396 0.9252 0.8446 0.9267 0.9305 0.7298 0.8706 0.8604 6024];
bridge_qcif_avg_stvssimrdo=[0.9145 0.8506 0.8708 0.9164 0.9644 0.9651 0.8473 0.8207 0.8408 11872
0.9082 0.8483 0.8687 0.9097 0.9617 0.9622 0.8356 0.8161 0.8363 9848
0.8990 0.8473 0.8689 0.9001 0.9572 0.9579 0.8192 0.8114 0.8328 9280
0.8930 0.8462 0.8655 0.8938 0.9535 0.9541 0.8087 0.8073 0.8263 6416
0.8844 0.8409 0.8633 0.8853 0.9499 0.9505 0.7946 0.7990 0.8210 6192
0.8758 0.8393 0.8639 0.8757 0.9442 0.9447 0.7791 0.7928 0.8166 5280
0.8659 0.8399 0.8642 0.8654 0.9390 0.9401 0.7629 0.7891 0.8130 5168
0.8491 0.8378 0.8582 0.8486 0.9289 0.9292 0.7367 0.7787 0.7979 4856
0.8394 0.8368 0.8557 0.8394 0.9241 0.9247 0.7220 0.7737 0.7918 4696
0.8296 0.8359 0.8545 0.8288 0.9193 0.9195 0.7063 0.7687 0.7863 4752
0.8116 0.8350 0.8551 0.8112 0.9109 0.9125 0.6800 0.7609 0.7806 4736
0.7953 0.8348 0.8541 0.7950 0.9005 0.9016 0.6564 0.7519 0.7705 4752
0.7824 0.8362 0.8532 0.7815 0.8946 0.8958 0.6378 0.7485 0.7648 4680
0.7591 0.8359 0.8527 0.7594 0.8803 0.8790 0.6076 0.7364 0.7501 4680
0.7381 0.8339 0.8507 0.7384 0.8712 0.8705 0.5786 0.7266 0.7406 4696];
bus_qcif_avg_stvssimrdo=[0.7461 0.9696 0.9607 0.7997 0.9255 0.9269 0.6704 0.8976 0.8903 209104
0.7321 0.9673 0.9604 0.7936 0.9073 0.9093 0.6571 0.8782 0.8743 188016
0.7231 0.9684 0.9630 0.7903 0.9003 0.9025 0.6475 0.8722 0.8703 166720
0.6789 0.9612 0.9555 0.7427 0.7899 0.7934 0.5981 0.7590 0.7586 133160
0.6828 0.9597 0.9532 0.7488 0.8065 0.8105 0.6003 0.7741 0.7743 119208
0.6487 0.9529 0.9499 0.7147 0.7946 0.7980 0.5582 0.7575 0.7589 100616
0.6406 0.9554 0.9496 0.7067 0.7789 0.7829 0.5429 0.7444 0.7445 91536
0.6138 0.9518 0.9467 0.6774 0.7686 0.7732 0.5083 0.7329 0.7333 76080
0.6039 0.9495 0.9435 0.6703 0.7564 0.7609 0.4934 0.7200 0.7185 69040
0.5853 0.9490 0.9435 0.6526 0.7478 0.7532 0.4697 0.7108 0.7107 61512
0.5731 0.9445 0.9433 0.6361 0.7468 0.7524 0.4452 0.7087 0.7101 54984
0.5340 0.9409 0.9385 0.6042 0.7361 0.7412 0.4061 0.6969 0.6958 44576
0.5287 0.9380 0.9419 0.5969 0.7345 0.7400 0.3954 0.6958 0.6980 42768
0.5183 0.9347 0.9394 0.5677 0.7445 0.7499 0.3709 0.7025 0.7045 34608
0.4841 0.9332 0.9411 0.5352 0.7426 0.7473 0.3339 0.7010 0.7036 30168];
carphone_qcif_avg_stvssimrdo=[0.8946 0.9420 0.9500 0.8993 0.9574 0.9588 0.8215 0.9019 0.9107 39184
0.8890 0.9383 0.9424 0.8943 0.9581 0.9595 0.8135 0.8989 0.9042 34912
0.8884 0.9380 0.9414 0.8919 0.9577 0.9592 0.8114 0.8982 0.9030 31864
0.8838 0.9346 0.9395 0.8879 0.9563 0.9570 0.8044 0.8936 0.8989 28784
0.8837 0.9355 0.9379 0.8859 0.9542 0.9553 0.8016 0.8926 0.8958 26176
0.8813 0.9250 0.9313 0.8853 0.9530 0.9543 0.7986 0.8813 0.8886 25768
0.8813 0.9232 0.9305 0.8833 0.9502 0.9518 0.7962 0.8771 0.8855 23824
0.8717 0.9211 0.9271 0.8758 0.9414 0.9426 0.7827 0.8670 0.8739 21304
0.8649 0.9166 0.9268 0.8670 0.9384 0.9403 0.7699 0.8599 0.8714 19424
0.8562 0.9167 0.9241 0.8601 0.9374 0.9392 0.7589 0.8589 0.8678 18312
0.8516 0.9105 0.9196 0.8544 0.9281 0.9295 0.7487 0.8448 0.8547 16704
0.8419 0.9085 0.9194 0.8450 0.9217 0.9230 0.7338 0.8370 0.8485 15704
0.8354 0.9092 0.9066 0.8373 0.9168 0.9177 0.7215 0.8334 0.8322 13648
0.8236 0.9071 0.9056 0.8230 0.9093 0.9109 0.7028 0.8245 0.8253 12368
0.8033 0.9061 0.8972 0.8001 0.9021 0.9021 0.6714 0.8171 0.8093 11224];
coastguard_qcif_avg_stvssimrdo=[0.6234 0.9698 0.9727 0.6683 0.7819 0.7851 0.4704 0.7558 0.7621 34880
0.6234 0.9684 0.9706 0.6691 0.7873 0.7909 0.4682 0.7599 0.7661 30856
0.6336 0.9679 0.9723 0.6771 0.7888 0.7928 0.4783 0.7612 0.7694 30152
0.6273 0.9663 0.9709 0.6690 0.7721 0.7774 0.4672 0.7441 0.7537 26792
0.6217 0.9635 0.9671 0.6587 0.7198 0.7240 0.4589 0.6889 0.6966 20920
0.6209 0.9641 0.9658 0.6570 0.7357 0.7402 0.4537 0.7052 0.7113 19512
0.6143 0.9641 0.9669 0.6448 0.7260 0.7308 0.4424 0.6959 0.7028 18208
0.6075 0.9610 0.9675 0.6329 0.7118 0.7179 0.4283 0.6807 0.6915 17408
0.5969 0.9626 0.9674 0.6214 0.7191 0.7249 0.4124 0.6883 0.6983 16192
0.5956 0.9618 0.9673 0.6172 0.7099 0.7157 0.4070 0.6788 0.6893 14792
0.5808 0.9592 0.9673 0.5991 0.6958 0.7026 0.3879 0.6634 0.6767 13096
0.5704 0.9555 0.9650 0.5844 0.6849 0.6935 0.3720 0.6509 0.6668 11144
0.5559 0.9552 0.9660 0.5679 0.6796 0.6866 0.3547 0.6436 0.6602 9384
0.5370 0.9575 0.9665 0.5461 0.6410 0.6489 0.3350 0.6092 0.6243 8448
0.5325 0.9545 0.9637 0.5335 0.6459 0.6551 0.3242 0.6116 0.6295 7456];
container_qcif_avg_stvssimrdo=[0.9099 0.9645 0.9627 0.9197 0.9354 0.9343 0.8479 0.9014 0.8986 9064
0.9099 0.9595 0.9618 0.9181 0.9338 0.9329 0.8458 0.8952 0.8965 8840
0.9109 0.9594 0.9605 0.9187 0.9382 0.9370 0.8467 0.8993 0.8992 8296
0.9087 0.9553 0.9565 0.9158 0.9383 0.9374 0.8421 0.8954 0.8959 7872
0.9079 0.9503 0.9502 0.9146 0.9433 0.9419 0.8391 0.8958 0.8944 7456
0.9037 0.9458 0.9471 0.9109 0.9395 0.9374 0.8329 0.8877 0.8872 7400
0.9020 0.9459 0.9464 0.9085 0.9382 0.9366 0.8287 0.8867 0.8857 7656
0.8958 0.9406 0.9392 0.9016 0.9296 0.9282 0.8179 0.8735 0.8710 7000
0.8919 0.9351 0.9364 0.8982 0.9249 0.9240 0.8119 0.8637 0.8643 6728
0.8851 0.9324 0.9343 0.8910 0.9184 0.9169 0.8007 0.8550 0.8556 6552
0.8769 0.9276 0.9214 0.8835 0.9033 0.9019 0.7885 0.8366 0.8301 6528
0.8700 0.9293 0.9212 0.8770 0.9036 0.9022 0.7776 0.8383 0.8302 6296
0.8606 0.9243 0.9213 0.8668 0.8958 0.8951 0.7621 0.8265 0.8237 6088
0.8496 0.9221 0.9201 0.8563 0.8753 0.8763 0.7466 0.8048 0.8048 6112
0.8430 0.9216 0.9171 0.8489 0.8691 0.8695 0.7356 0.7984 0.7961 6000];
football_qcif_avg_stvssimrdo=[0.7597 0.9071 0.9162 0.7708 0.8781 0.8930 0.6138 0.7982 0.8191 653416
0.7278 0.8903 0.9059 0.7341 0.8461 0.8636 0.5633 0.7536 0.7826 541688
0.7096 0.8864 0.9031 0.7117 0.8161 0.8379 0.5369 0.7234 0.7565 476856
0.6764 0.8659 0.8941 0.6633 0.7619 0.7897 0.4812 0.6622 0.7072 384088
0.6721 0.8668 0.8919 0.6697 0.7489 0.7772 0.4793 0.6488 0.6928 340224
0.6249 0.8265 0.8741 0.5972 0.6785 0.7140 0.4098 0.5695 0.6276 253608
0.6215 0.8292 0.8754 0.5957 0.6858 0.7208 0.4040 0.5739 0.6327 230976
0.6014 0.8190 0.8713 0.5681 0.6676 0.7060 0.3736 0.5531 0.6175 187000
0.5932 0.8076 0.8643 0.5585 0.6339 0.6775 0.3633 0.5171 0.5865 160368
0.5702 0.7903 0.8556 0.5197 0.5886 0.6355 0.3289 0.4719 0.5450 130584
0.5649 0.7870 0.8537 0.5141 0.6114 0.6604 0.3225 0.4893 0.5664 112016
0.5546 0.7789 0.8486 0.4929 0.5657 0.6179 0.3038 0.4483 0.5269 96968
0.5330 0.7574 0.8371 0.4501 0.5062 0.5680 0.2703 0.3896 0.4768 72200
0.5368 0.7670 0.8407 0.4654 0.5524 0.6100 0.2766 0.4294 0.5139 71848
0.5256 0.7556 0.8339 0.4477 0.5268 0.5885 0.2635 0.4053 0.4931 61408];
